6/24/2005,,14,43,44,50,56,7,29,1,6,6,49,7
6/28/2005,,2,20,37,43,46,4,18,17,6,3,42,2
7/1/2005,,14,25,41,42,50,40,11,16,1,8,10,26
7/5/2005,,22,38,48,50,55,29,16,10,2,5,26,7
7/8/2005,,9,23,45,48,50,3,14,22,3,2,47,6
7/12/2005,,5,17,32,39,53,36,12,15,7,14,17,31
7/15/2005,,9,13,25,36,48,2,4,12,11,12,46,7
7/19/2005,,7,13,48,51,54,11,6,35,3,3,43,4
7/22/2005,,7,18,27,35,54,34,11,9,8,19,20,27
7/26/2005,,1,10,18,29,55,8,9,8,11,26,47,7
7/29/2005,,4,16,23,25,40,22,12,7,2,15,18,18
8/2/2005,,17,22,39,50,52,46,5,17,11,2,6,29
8/5/2005,,3,5,48,50,53,4,2,43,2,3,49,1
8/9/2005,,13,35,36,43,52,5,22,1,7,9,47,8
8/12/2005,,8,37,38,45,54,21,29,1,7,9,33,13
8/16/2005,,9,15,20,24,55,3,6,5,4,31,52,6
8/19/2005,,2,13,18,36,46,36,11,5,18,10,10,34
8/23/2005,,6,7,8,13,40,12,1,1,5,27,28,6
8/26/2005,,5,20,38,47,54,35,15,18,9,7,19,30
8/30/2005,,19,32,42,49,56,29,13,10,7,7,27,10
9/2/2005,,1,4,14,45,53,33,3,10,31,8,20,32
9/6/2005,,1,8,27,31,50,40,7,19,4,19,10,39
9/9/2005,,15,28,43,51,52,11,13,15,8,1,41,4
9/13/2005,,13,24,44,48,52,30,11,20,4,4,22,17
9/16/2005,,5,16,41,46,50,1,11,25,5,4,49,4
9/20/2005,,35,36,40,42,52,45,1,4,2,10,7,10
9/23/2005,,6,7,20,41,51,38,1,13,21,10,13,32
9/27/2005,,14,17,26,27,28,5,3,9,1,1,23,9
9/30/2005,,1,3,14,30,52,10,2,11,16,22,42,9
10/4/2005,,12,24,28,29,36,41,12,4,1,7,5,29
10/7/2005,,2,4,23,27,36,37,2,19,4,9,1,35
10/11/2005,,24,30,42,53,54,20,6,12,11,1,34,4
10/14/2005,,6,20,24,25,34,44,14,4,1,9,10,38
10/18/2005,,3,12,16,32,33,15,9,4,16,1,18,12
10/21/2005,,11,17,28,29,36,42,6,11,1,7,6,31
10/25/2005,,7,12,18,31,55,30,5,6,13,24,25,23
10/28/2005,,8,17,25,28,53,1,9,8,3,25,52,7
11/1/2005,,5,18,21,28,36,20,13,3,7,8,16,15
11/4/2005,,7,9,41,53,54,38,2,32,12,1,16,31
11/8/2005,,8,16,21,25,27,16,8,5,4,2,11,8
11/11/2005,,9,14,34,50,51,40,5,20,16,1,11,31
11/15/2005,,2,4,5,40,48,7,2,1,35,8,41,5
11/18/2005,,8,18,21,42,46,11,10,3,21,4,35,3
11/22/2005,,9,22,37,41,43,30,13,15,4,2,13,21
11/25/2005,,5,25,31,33,34,41,20,6,2,1,7,36
11/29/2005,,7,8,47,51,52,5,1,39,4,1,47,2
12/2/2005,,3,12,21,38,44,45,9,9,17,6,1,42
12/6/2005,,6,10,26,30,33,16,4,16,4,3,17,10
12/9/2005,,14,15,31,32,43,20,1,16,1,11,23,6
12/13/2005,,9,10,12,22,41,4,1,2,10,19,37,5
12/16/2005,,14,25,26,31,56,17,11,1,5,25,39,3
12/20/2005,,6,20,23,40,56,36,14,3,17,16,20,30
12/23/2005,,10,37,39,49,54,8,27,2,10,5,46,2
12/27/2005,,11,24,27,49,55,23,13,3,22,6,32,12
12/30/2005,,14,20,25,40,44,37,6,5,15,4,7,23
1/3/2006,,15,19,20,32,38,21,4,1,12,6,17,6
1/6/2006,,8,11,28,37,53,12,3,17,9,16,41,4
1/10/2006,,7,27,32,37,38,30,20,5,5,1,8,23
1/13/2006,,5,21,27,44,53,36,16,6,17,9,17,31
1/17/2006,,24,32,37,39,40,44,8,5,2,1,4,20
1/20/2006,,18,22,28,44,53,46,4,6,16,9,7,28
1/24/2006,,31,34,36,51,55,4,3,2,15,4,51,27
1/27/2006,,2,7,8,18,29,46,5,1,10,11,17,44
1/31/2006,,1,35,53,54,56,44,34,18,1,2,12,43
2/3/2006,,29,31,32,41,52,42,2,1,9,11,10,13
2/7/2006,,2,16,25,30,48,26,14,9,5,18,22,24
2/10/2006,,24,39,40,43,46,2,15,1,3,3,44,22
2/14/2006,,27,36,43,49,54,33,9,7,6,5,21,6
2/17/2006,,16,25,31,43,46,28,9,6,12,3,18,12
2/21/2006,,14,23,27,36,45,36,9,4,9,9,9,22
2/24/2006,,3,5,12,16,34,27,2,7,4,18,7,24
2/28/2006,,2,4,35,36,48,22,2,31,1,12,26,20
3/3/2006,,25,29,38,39,46,4,4,9,1,7,42,21
3/7/2006,,15,27,36,38,42,32,12,9,2,4,10,17
3/10/2006,,4,17,18,51,54,31,13,1,33,3,23,27
3/14/2006,,27,28,30,42,50,22,1,2,12,8,28,5
3/17/2006,,8,11,23,48,52,5,3,12,25,4,47,3
3/21/2006,,4,16,17,28,31,8,12,1,11,3,23,4
3/24/2006,,1,2,17,47,49,19,1,15,30,2,30,18
3/28/2006,,14,18,35,39,49,14,4,17,4,10,35,0
3/31/2006,,4,7,19,50,52,15,3,12,31,2,37,11
4/4/2006,,9,25,48,51,56,7,16,23,3,5,49,2
4/7/2006,,1,18,31,46,52,37,17,13,15,6,15,36
4/11/2006,,2,12,45,46,56,20,10,33,1,10,36,18
4/14/2006,,8,10,18,29,33,10,2,8,11,4,23,2
4/18/2006,,13,14,25,34,50,6,1,11,9,16,44,7
4/21/2006,,2,4,7,27,41,4,2,3,20,14,37,2
4/25/2006,,1,20,32,37,39,9,19,12,5,2,30,8
4/28/2006,,16,29,32,36,55,12,13,3,4,19,43,4
5/2/2006,,7,11,22,27,31,33,4,11,5,4,2,26
5/5/2006,,8,20,39,53,55,10,12,19,14,2,45,2
5/9/2006,,7,15,24,43,44,22,8,9,19,1,22,15
5/12/2006,,6,36,39,45,52,45,30,3,6,7,7,39
5/16/2006,,7,24,40,48,50,15,17,16,8,2,35,8
5/19/2006,,5,12,31,51,56,1,7,19,20,5,55,4
5/23/2006,,17,21,28,48,54,1,4,7,20,6,53,16
5/26/2006,,12,14,20,47,48,24,2,6,27,1,24,12
5/30/2006,,2,13,28,34,45,36,11,15,6,11,9,34
6/2/2006,,3,10,18,36,38,41,7,8,18,2,3,38
6/6/2006,,5,29,35,52,53,9,24,6,17,1,44,4
6/9/2006,,8,17,18,26,47,37,9,1,8,21,10,29
6/13/2006,,1,20,23,24,33,29,19,3,1,9,4,28
6/16/2006,,27,30,36,38,45,13,3,6,2,7,32,14
6/20/2006,,11,21,37,53,54,12,10,16,16,1,42,1
6/23/2006,,13,17,24,34,56,24,4,7,10,22,32,11
6/27/2006,,2,14,20,29,44,32,12,6,9,15,12,30
6/30/2006,,20,40,46,48,54,27,20,6,2,6,27,7
7/4/2006,,9,15,31,42,45,41,6,16,11,3,4,32
7/7/2006,,7,15,27,46,56,39,8,12,19,10,17,32
7/11/2006,,5,14,34,36,52,42,9,20,2,16,10,37
7/14/2006,,13,25,26,28,56,39,12,1,2,28,17,26
7/18/2006,,12,13,29,49,52,20,1,16,20,3,32,8
7/21/2006,,18,26,35,36,43,24,8,9,1,7,19,6
7/25/2006,,7,21,24,41,51,10,14,3,17,10,41,3
7/28/2006,,2,13,23,32,35,4,11,10,9,3,31,2
8/1/2006,,14,29,32,43,49,14,15,3,11,6,35,0
8/4/2006,,2,24,31,50,55,44,22,7,19,5,11,42
8/8/2006,,1,5,13,18,33,30,4,8,5,15,3,29
8/11/2006,,14,16,38,40,49,29,2,22,2,9,20,15
8/15/2006,,10,12,22,44,48,16,2,10,22,4,32,6
8/18/2006,,5,12,13,46,50,10,7,1,33,4,40,5
8/22/2006,,3,4,5,7,36,16,1,1,2,29,20,13
8/25/2006,,17,24,35,46,54,33,7,11,11,8,21,16
8/29/2006,,15,25,37,38,52,4,10,12,1,14,48,11
9/1/2006,,5,6,51,53,55,12,1,45,2,2,43,7
9/5/2006,,1,32,36,42,53,4,31,4,6,11,49,3
9/8/2006,,9,17,34,52,53,2,8,17,18,1,51,7
9/12/2006,,3,16,25,30,44,42,13,9,5,14,2,39
9/15/2006,,6,26,33,39,55,1,20,7,6,16,54,5
9/19/2006,,2,19,44,45,56,43,17,25,1,11,13,41
9/22/2006,,7,12,17,22,43,16,5,5,5,21,27,9
9/26/2006,,3,6,38,42,45,30,3,32,4,3,15,27
9/29/2006,,3,25,43,45,55,40,22,18,2,10,15,37
10/3/2006,,6,19,32,33,40,39,13,13,1,7,1,33
10/6/2006,,1,11,20,21,46,18,10,9,1,25,28,17
10/10/2006,,14,30,35,40,43,2,16,5,5,3,41,12
10/13/2006,,24,27,42,47,50,8,3,15,5,3,42,16
10/17/2006,,6,18,20,28,38,37,12,2,8,10,1,31
10/20/2006,,9,13,23,29,54,34,4,10,6,25,20,25
10/24/2006,,5,25,41,48,51,35,20,16,7,3,16,30
10/27/2006,,15,22,26,30,32,31,7,4,4,2,1,16
10/31/2006,,5,34,40,45,46,21,29,6,5,1,25,16
11/3/2006,,8,10,22,25,55,22,2,12,3,30,33,14
11/7/2006,,13,22,33,51,52,42,9,11,18,1,10,29
11/10/2006,,11,42,52,53,55,28,31,10,1,2,27,17
11/14/2006,,9,20,24,25,36,23,11,4,1,11,13,14
11/17/2006,,5,19,25,30,50,42,14,6,5,20,8,37
11/21/2006,,7,13,20,42,47,9,6,7,22,5,38,2
11/24/2006,,14,35,40,47,48,35,21,5,7,1,13,21
11/28/2006,,7,14,24,41,56,7,7,10,17,15,49,0
12/1/2006,,16,22,23,37,53,35,6,1,14,16,18,19
12/5/2006,,6,9,13,43,46,45,3,4,30,3,1,39
12/8/2006,,1,15,29,32,45,8,14,14,3,13,37,7
12/12/2006,,20,30,31,35,49,23,10,1,4,14,26,3
12/15/2006,,6,7,17,28,40,39,1,10,11,12,1,33
12/19/2006,,9,32,37,42,48,7,23,5,5,6,41,2
12/22/2006,,5,12,15,25,34,43,7,3,10,9,9,38
12/26/2006,,7,12,25,44,53,3,5,13,19,9,50,4
12/29/2006,,3,4,10,39,50,29,1,6,29,11,21,26
1/2/2007,,9,10,38,51,53,1,1,28,13,2,52,8
1/5/2007,,2,12,44,46,51,6,10,32,2,5,45,4
1/9/2007,,7,11,26,38,54,13,4,15,12,16,41,6
1/12/2007,,12,14,26,40,42,22,2,12,14,2,20,10
1/16/2007,,4,8,15,33,52,10,4,7,18,19,42,6
1/19/2007,,4,28,30,31,35,17,24,2,1,4,18,13
1/23/2007,,3,5,15,26,53,35,2,10,11,27,18,32
1/26/2007,,16,17,36,49,54,14,1,19,13,5,40,2
1/30/2007,,14,18,44,52,56,25,4,26,8,4,31,11
2/2/2007,,22,33,35,40,53,15,11,2,5,13,38,7
2/6/2007,,16,21,35,36,46,38,5,14,1,10,8,22
2/9/2007,,32,39,46,48,49,41,7,7,2,1,8,9
2/13/2007,,3,9,24,29,41,41,6,15,5,12,0,38
2/16/2007,,17,35,40,46,48,41,18,5,6,2,7,24
2/20/2007,,1,9,26,46,51,11,8,17,20,5,40,10
2/23/2007,,3,18,21,38,50,43,15,3,17,12,7,40
2/27/2007,,18,31,44,45,48,18,13,13,1,3,30,0
3/2/2007,,14,21,33,35,51,43,7,12,2,16,8,29
3/6/2007,,16,22,29,39,42,20,6,7,10,3,22,4
3/9/2007,,10,13,25,42,43,30,3,12,17,1,13,20
3/13/2007,,7,11,16,38,49,35,4,5,22,11,14,28
3/16/2007,,17,25,36,40,43,9,8,11,4,3,34,8
3/20/2007,,7,21,46,49,55,15,14,25,3,6,40,8
3/23/2007,,18,21,35,51,53,36,3,14,16,2,17,18
3/27/2007,,18,25,34,35,42,6,7,9,1,7,36,12
3/30/2007,,15,23,37,48,53,22,8,14,11,5,31,7
4/3/2007,,16,26,33,34,46,38,10,7,1,12,8,22
4/6/2007,,24,32,34,36,39,6,8,2,2,3,33,18
4/10/2007,,7,15,16,19,28,10,8,1,3,9,18,3
4/13/2007,,11,14,21,25,26,33,3,7,4,1,7,22
4/17/2007,,1,4,11,31,47,37,3,7,20,16,10,36
4/20/2007,,1,9,10,23,53,40,8,1,13,30,13,39
4/24/2007,,8,10,35,36,43,14,2,25,1,7,29,6
4/27/2007,,5,7,26,38,56,15,2,19,12,18,41,10
5/1/2007,,11,16,31,52,53,42,5,15,21,1,11,31
5/4/2007,,4,9,20,45,55,34,5,11,25,10,21,30
5/8/2007,,16,24,41,43,54,36,8,17,2,11,18,20
5/11/2007,,28,30,33,48,54,25,2,3,15,6,29,3
5/15/2007,,6,13,42,46,56,42,7,29,4,10,14,36
5/18/2007,,13,23,24,30,44,5,10,1,6,14,39,8
5/22/2007,,2,7,11,22,36,35,5,4,11,14,1,33
5/25/2007,,10,14,22,42,43,1,4,8,20,1,42,9
5/29/2007,,2,24,44,51,54,7,22,20,7,3,47,5
6/1/2007,,12,19,29,32,48,9,7,10,3,16,39,3
6/5/2007,,27,35,38,49,56,15,8,3,11,7,41,12
6/8/2007,,6,26,29,31,39,31,20,3,2,8,8,25
6/12/2007,,3,13,19,31,50,21,10,6,12,19,29,18
6/15/2007,,1,5,16,26,30,21,4,11,10,4,9,20
6/19/2007,,5,16,31,49,54,19,11,15,18,5,35,14
6/22/2007,,11,14,21,24,31,23,3,7,3,7,8,12
6/26/2007,,4,10,20,29,45,21,6,10,9,16,24,17
6/29/2007,,1,17,40,51,52,7,16,23,11,1,45,6
7/3/2007,,21,35,37,39,40,35,14,2,2,1,5,14
7/6/2007,,3,9,12,25,47,37,6,3,13,22,10,34
7/10/2007,,19,24,30,34,56,19,5,6,4,22,37,0
7/13/2007,,7,39,41,48,53,21,32,2,7,5,32,14
7/17/2007,,16,30,38,46,51,5,14,8,8,5,46,11
7/20/2007,,6,13,30,41,52,26,7,17,11,11,26,20
7/24/2007,,8,17,20,23,50,17,9,3,3,27,33,9
7/27/2007,,7,12,35,54,55,2,5,23,19,1,53,5
7/31/2007,,5,18,37,39,43,42,13,19,2,4,1,37
8/3/2007,,16,29,42,46,51,40,13,13,4,5,11,24
8/7/2007,,36,41,50,55,56,9,5,9,5,1,47,27
8/10/2007,,10,20,32,33,54,39,10,12,1,21,15,29
8/14/2007,,5,8,9,24,34,17,3,1,15,10,17,12
8/17/2007,,2,8,33,38,53,12,6,25,5,15,41,10
8/21/2007,,8,38,54,55,56,2,30,16,1,1,54,6
8/24/2007,,4,21,46,51,53,5,17,25,5,2,48,1
8/28/2007,,37,40,48,53,56,44,3,8,5,3,12,7
8/31/2007,,8,18,22,40,44,11,10,4,18,4,33,3
9/4/2007,,3,6,11,42,46,38,3,5,31,4,8,35
9/7/2007,,14,19,27,34,48,3,5,8,7,14,45,11
9/11/2007,,9,10,17,21,35,6,1,7,4,14,29,3
9/14/2007,,5,9,12,33,40,27,4,3,21,7,13,22
9/18/2007,,20,24,31,34,49,8,4,7,3,15,41,12
9/21/2007,,5,21,23,33,45,43,16,2,10,12,2,38
9/25/2007,,2,19,23,47,54,16,17,4,24,7,38,14
9/28/2007,,4,13,20,25,33,42,9,7,5,8,9,38
10/2/2007,,28,37,40,43,44,20,9,3,3,1,24,8
10/5/2007,,10,19,37,40,48,1,9,18,3,8,47,9
10/9/2007,,1,10,17,32,51,44,9,7,15,19,7,43
10/12/2007,,21,26,34,44,54,23,5,8,10,10,31,2
10/16/2007,,1,2,5,41,44,25,1,3,36,3,19,24
10/19/2007,,5,15,18,23,46,14,10,3,5,23,32,9
10/23/2007,,2,7,45,52,53,18,5,38,7,1,35,16
10/26/2007,,12,20,24,38,51,3,8,4,14,13,48,9
10/30/2007,,2,8,44,46,51,22,6,36,2,5,29,20
11/2/2007,,1,3,34,49,52,19,2,31,15,3,33,18
11/6/2007,,3,17,43,46,47,2,14,26,3,1,45,1
11/9/2007,,11,33,41,42,46,21,22,8,1,4,25,10
11/13/2007,,15,26,36,39,40,45,11,10,3,1,5,30
11/16/2007,,12,13,30,31,39,29,1,17,1,8,10,17
11/20/2007,,14,20,23,42,43,6,6,3,19,1,37,8
11/23/2007,,18,21,33,42,56,11,3,12,9,14,45,7
11/27/2007,,9,10,26,29,39,10,1,16,3,10,29,1
11/30/2007,,5,6,12,26,51,7,1,6,14,25,44,2
12/4/2007,,16,27,30,45,53,43,11,3,15,8,10,27
12/7/2007,,12,18,26,28,51,35,6,8,2,23,16,23
12/11/2007,,6,25,27,30,45,46,19,2,3,15,1,40
12/14/2007,,4,7,12,17,30,44,3,5,5,13,14,40
12/18/2007,,3,23,46,48,49,2,20,23,2,1,47,1
12/21/2007,,14,19,20,43,53,7,5,1,23,10,46,7
12/25/2007,,19,36,37,48,52,8,17,1,11,4,44,11
12/28/2007,,2,19,22,28,54,25,17,3,6,26,29,23
1/1/2008,,13,16,25,30,54,11,3,9,5,24,43,2
1/4/2008,,24,31,39,40,56,32,7,8,1,16,24,8
1/8/2008,,10,29,45,52,54,10,19,16,7,2,44,0
1/11/2008,,22,36,42,45,55,42,14,6,3,10,13,20
1/15/2008,,21,30,42,44,50,6,9,12,2,6,44,15
1/18/2008,,12,22,33,43,44,15,10,11,10,1,29,3
1/22/2008,,12,15,22,25,33,2,3,7,3,8,31,10
1/25/2008,,5,12,22,38,56,22,7,10,16,18,34,17
1/29/2008,,8,23,39,40,42,24,15,16,1,2,18,16
2/1/2008,,3,14,30,44,56,5,11,16,14,12,51,2
2/5/2008,,4,5,17,40,51,38,1,12,23,11,13,34
2/8/2008,,21,30,43,46,50,18,9,13,3,4,32,3
2/12/2008,,14,27,39,47,50,12,13,12,8,3,38,2
2/15/2008,,7,11,26,30,53,14,4,15,4,23,39,7
2/19/2008,,1,38,42,55,56,34,37,4,13,1,22,33
2/22/2008,,7,12,13,19,22,10,5,1,6,3,12,3
2/26/2008,,9,12,30,36,55,15,3,18,6,19,40,6
2/29/2008,,5,17,22,26,55,38,12,5,4,29,17,33
3/4/2008,,7,15,30,33,56,22,8,15,3,23,34,15
3/7/2008,,19,32,33,41,48,12,13,1,8,7,36,7
3/11/2008,,4,13,35,41,47,44,9,22,6,6,3,40
3/14/2008,,3,12,18,25,52,21,9,6,7,27,31,18
3/18/2008,,13,15,20,25,44,37,2,5,5,19,7,24
3/21/2008,,5,8,17,19,41,21,3,9,2,22,20,16
3/25/2008,,38,42,43,48,53,12,4,1,5,5,41,26
3/28/2008,,7,26,27,40,43,10,19,1,13,3,33,3
4/1/2008,,4,17,26,46,56,25,13,9,20,10,31,21
4/4/2008,,3,5,40,45,49,17,2,35,5,4,32,14
4/8/2008,,8,9,31,37,44,38,1,22,6,7,6,30
4/11/2008,,14,18,27,31,42,7,4,9,4,11,35,7
4/15/2008,,12,13,27,48,50,30,1,14,21,2,20,18
4/18/2008,,24,28,36,50,53,29,4,8,14,3,24,5
4/22/2008,,3,22,31,48,54,9,19,9,17,6,45,6
4/25/2008,,19,32,37,45,52,41,13,5,8,7,11,22
4/29/2008,,19,24,35,44,51,26,5,11,9,7,25,7
5/2/2008,,8,28,37,53,55,26,20,9,16,2,29,18
5/6/2008,,4,21,46,53,54,26,17,25,7,1,28,22
5/9/2008,,16,31,43,46,56,22,15,12,3,10,34,6
5/13/2008,,20,24,27,31,47,15,4,3,4,16,32,5
5/16/2008,,6,11,39,46,47,26,5,28,7,1,21,20
5/20/2008,,2,14,26,32,41,32,12,12,6,9,9,30
5/23/2008,,4,8,11,22,30,4,4,3,11,8,26,0
5/27/2008,,14,24,32,45,49,17,10,8,13,4,32,3
5/30/2008,,39,40,47,53,55,32,1,7,6,2,23,7
6/3/2008,,4,19,24,32,54,5,15,5,8,22,49,1
6/6/2008,,8,9,43,44,54,27,1,34,1,10,27,19
6/10/2008,,3,5,15,43,51,11,2,10,28,8,40,8
6/13/2008,,8,9,14,38,44,36,1,5,24,6,8,28
6/17/2008,,5,14,25,47,49,36,9,11,22,2,13,31
6/20/2008,,11,17,25,36,42,13,6,8,11,6,29,2
6/24/2008,,10,22,36,50,53,39,12,14,14,3,14,29
6/27/2008,,8,14,22,39,50,44,6,8,17,11,6,36
7/1/2008,,1,22,33,43,52,36,21,11,10,9,16,35
7/4/2008,,1,3,12,19,20,28,2,9,7,1,8,27
7/8/2008,,1,20,22,29,41,35,19,2,7,12,6,34
7/11/2008,,5,14,16,39,51,34,9,2,23,12,17,29
7/15/2008,,19,24,34,45,51,40,5,10,11,6,11,21
7/18/2008,,17,29,36,53,55,26,12,7,17,2,29,9
7/22/2008,,2,16,23,29,32,46,14,7,6,3,14,44
7/25/2008,,2,16,19,35,52,17,14,3,16,17,35,15
7/29/2008,,11,13,20,30,42,3,2,7,10,12,39,8
8/1/2008,,9,13,17,18,56,2,4,4,1,38,54,7
8/5/2008,,9,21,36,38,55,13,12,15,2,17,42,4
8/8/2008,,11,17,28,32,50,33,6,11,4,18,17,22
8/12/2008,,2,7,23,38,40,40,5,16,15,2,0,38
8/15/2008,,8,23,29,30,53,7,15,6,1,23,46,1
8/19/2008,,9,18,19,26,40,38,9,1,7,14,2,29
8/22/2008,,12,13,15,41,42,37,1,2,26,1,5,25
8/26/2008,,6,16,24,34,36,30,10,8,10,2,6,24
8/29/2008,,21,25,26,50,51,22,4,1,24,1,29,1
9/2/2008,,14,23,43,44,54,39,9,20,1,10,15,25
9/5/2008,,1,6,15,27,46,39,5,9,12,19,7,38
9/9/2008,,22,23,28,49,52,2,1,5,21,3,50,20
9/12/2008,,1,12,14,25,35,38,11,2,11,10,3,37
9/16/2008,,13,24,39,51,52,44,11,15,12,1,8,31
9/19/2008,,2,9,41,48,51,37,7,32,7,3,14,35
9/23/2008,,9,32,34,43,52,4,23,2,9,9,48,5
9/26/2008,,6,13,14,31,36,36,7,1,17,5,0,30
9/30/2008,,9,30,35,39,49,36,21,5,4,10,13,27
10/3/2008,,13,28,32,41,52,16,15,4,9,11,36,3
10/7/2008,,2,25,35,38,42,34,23,10,3,4,8,32
10/10/2008,,14,15,43,46,48,21,1,28,3,2,27,7
10/14/2008,,14,35,41,42,51,23,21,6,1,9,28,9
10/17/2008,,7,15,27,28,31,35,8,12,1,3,4,28
10/21/2008,,16,19,39,42,44,38,3,20,3,2,6,22
10/24/2008,,5,33,34,47,52,18,28,1,13,5,34,13
10/28/2008,,6,39,45,46,48,36,33,6,1,2,12,30
10/31/2008,,2,7,17,29,47,40,5,10,12,18,7,38
11/4/2008,,10,21,23,41,55,9,11,2,18,14,46,1
11/7/2008,,14,24,32,43,44,21,10,8,11,1,23,7
11/11/2008,,5,27,38,42,55,41,22,11,4,13,14,36
11/14/2008,,3,18,19,30,34,3,15,1,11,4,31,0
11/18/2008,,10,15,22,52,53,12,5,7,30,1,41,2
11/21/2008,,1,22,52,53,56,45,21,30,1,3,11,44
11/25/2008,,2,11,22,51,52,46,9,11,29,1,6,44
11/28/2008,,10,30,44,46,48,44,20,14,2,2,4,34
12/2/2008,,2,17,22,32,51,35,15,5,10,19,16,33
12/5/2008,,21,27,46,52,55,14,6,19,6,3,41,7
12/9/2008,,11,12,26,31,33,27,1,14,5,2,6,16
12/12/2008,,10,16,19,27,48,25,6,3,8,21,23,15
12/16/2008,,10,14,16,29,40,6,4,2,13,11,34,4
12/19/2008,,3,13,16,39,54,32,10,3,23,15,22,29
12/23/2008,,1,8,13,27,41,45,7,5,14,14,4,44
12/26/2008,,6,19,29,33,37,31,13,10,4,4,6,25
12/30/2008,,1,22,29,44,52,39,21,7,15,8,13,38
1/2/2009,,2,11,19,21,34,38,9,8,2,13,4,36
1/6/2009,,3,11,12,19,33,30,8,1,7,14,3,27
1/9/2009,,23,25,30,45,50,8,2,5,15,5,42,15
1/13/2009,,22,25,33,36,48,40,3,8,3,12,8,18
1/16/2009,,2,4,21,39,51,29,2,17,18,12,22,27
1/20/2009,,1,9,10,35,46,9,8,1,25,11,37,8
1/23/2009,,2,17,20,27,28,7,15,3,7,1,21,5
1/27/2009,,3,11,12,14,21,25,8,1,2,7,4,22
1/30/2009,,13,16,19,53,55,2,3,3,34,2,53,11
2/3/2009,,4,15,29,43,56,29,11,14,14,13,27,25
2/6/2009,,2,12,18,28,31,3,10,6,10,3,28,1
2/10/2009,,18,29,38,43,47,7,11,9,5,4,40,11
2/13/2009,,25,36,37,40,51,20,11,1,3,11,31,5
2/17/2009,,1,9,23,27,33,24,8,14,4,6,9,23
2/20/2009,,21,28,41,45,55,24,7,13,4,10,31,3
2/24/2009,,1,27,28,35,40,6,26,1,7,5,34,5
2/27/2009,,24,37,44,50,56,35,13,7,6,6,21,11
3/3/2009,,26,32,35,43,52,10,6,3,8,9,42,16
3/6/2009,,11,18,37,46,55,45,7,19,9,9,10,34
3/10/2009,,2,27,31,39,40,23,25,4,8,1,17,21
3/13/2009,,10,12,26,46,50,23,2,14,20,4,27,13
3/17/2009,,9,15,24,28,31,17,6,9,4,3,14,8
3/20/2009,,15,16,20,39,40,26,1,4,19,1,14,11
3/24/2009,,4,25,34,43,44,45,21,9,9,1,1,41
3/27/2009,,10,15,24,38,50,19,5,9,14,12,31,9
3/31/2009,,14,39,47,48,53,29,25,8,1,5,24,15
4/3/2009,,16,22,38,39,48,42,6,16,1,9,6,26
4/7/2009,,2,4,13,17,36,15,2,9,4,19,21,13
4/10/2009,,18,25,36,42,51,22,7,11,6,9,29,4
4/14/2009,,4,11,22,48,50,42,7,11,26,2,8,38
4/17/2009,,5,13,26,35,45,32,8,13,9,10,13,27
4/21/2009,,5,24,37,47,52,6,19,13,10,5,46,1
4/24/2009,,9,20,21,48,49,7,11,1,27,1,42,2
4/28/2009,,15,20,24,36,44,6,5,4,12,8,38,9
5/1/2009,,9,16,24,40,43,35,7,8,16,3,8,26
5/5/2009,,5,23,38,39,54,3,18,15,1,15,51,2
5/8/2009,,12,27,29,32,34,34,15,2,3,2,0,22
5/12/2009,,4,8,10,14,51,31,4,2,4,37,20,27
5/15/2009,,7,12,24,36,48,27,5,12,12,12,21,20
5/19/2009,,2,4,9,15,42,13,2,5,6,27,29,11
5/22/2009,,3,29,34,42,49,29,26,5,8,7,20,26
5/26/2009,,9,18,21,37,55,33,9,3,16,18,22,24
5/29/2009,,23,30,36,39,48,34,7,6,3,9,14,11
6/2/2009,,9,13,26,30,35,33,4,13,4,5,2,24
6/5/2009,,5,20,38,41,52,20,15,18,3,11,32,15
6/9/2009,,5,17,31,36,56,46,12,14,5,20,10,41
6/12/2009,,6,11,20,32,44,38,5,9,12,12,6,32
6/16/2009,,9,15,21,26,45,25,6,6,5,19,20,16
6/19/2009,,4,9,12,16,46,44,5,3,4,30,2,40
6/23/2009,,12,14,16,31,50,9,2,2,15,19,41,3
6/26/2009,,11,15,17,29,46,16,4,2,12,17,30,5
6/30/2009,,7,34,49,54,55,34,27,15,5,1,21,27
7/3/2009,,5,6,7,11,25,31,1,1,4,14,6,26
7/7/2009,,25,27,35,38,39,28,2,8,3,1,11,3
7/10/2009,,5,10,26,27,28,4,5,16,1,1,24,1
7/14/2009,,20,29,35,45,53,41,9,6,10,8,12,21
7/17/2009,,8,17,40,47,50,13,9,23,7,3,37,5
7/21/2009,,3,8,21,50,52,2,5,13,29,2,50,1
7/24/2009,,3,6,43,51,52,36,3,37,8,1,16,33
7/28/2009,,4,17,24,25,48,34,13,7,1,23,14,30
7/31/2009,,17,35,44,52,56,22,18,9,8,4,34,5
8/4/2009,,1,28,34,42,50,27,27,6,8,8,23,26
8/7/2009,,7,18,35,45,56,3,11,17,10,11,53,4
8/11/2009,,6,12,15,32,42,40,6,3,17,10,2,34
8/14/2009,,8,22,25,33,35,46,14,3,8,2,11,38
8/18/2009,,4,5,26,37,56,25,1,21,11,19,31,21
8/21/2009,,9,38,44,48,49,13,29,6,4,1,36,4
8/25/2009,,3,12,19,22,40,2,9,7,3,18,38,1
8/28/2009,,1,17,31,37,54,31,16,14,6,17,23,30
9/1/2009,,2,9,28,51,53,19,7,19,23,2,34,17
9/4/2009,,2,4,6,21,44,37,2,2,15,23,7,35
9/8/2009,,4,10,18,28,50,35,6,8,10,22,15,31
9/11/2009,,16,27,48,49,54,2,11,21,1,5,52,14
9/15/2009,,29,30,32,35,41,39,1,2,3,6,2,10
9/18/2009,,18,27,31,36,52,33,9,4,5,16,19,15
9/22/2009,,26,29,33,39,46,24,3,4,6,7,22,2
9/25/2009,,7,27,42,49,52,19,20,15,7,3,33,12
9/29/2009,,2,21,25,45,50,21,19,4,20,5,29,19
10/2/2009,,15,24,51,53,55,11,9,27,2,2,44,4
10/6/2009,,9,33,51,53,56,39,24,18,2,3,17,30
10/9/2009,,3,14,21,24,51,14,11,7,3,27,37,11
10/13/2009,,17,31,34,45,51,24,14,3,11,6,27,7
10/16/2009,,10,13,18,33,51,43,3,5,15,18,8,33
10/20/2009,,13,17,25,45,55,8,4,8,20,10,47,5
10/23/2009,,27,45,48,54,56,2,18,3,6,2,54,25
10/27/2009,,7,13,37,46,51,2,6,24,9,5,49,5
10/30/2009,,4,15,17,29,38,20,11,2,12,9,18,16
11/3/2009,,5,18,23,31,38,20,13,5,8,7,18,15
11/6/2009,,7,11,27,40,46,8,4,16,13,6,38,1
11/10/2009,,8,21,29,34,37,15,13,8,5,3,22,7
11/13/2009,,27,43,45,49,54,44,16,2,4,5,10,17
11/17/2009,,8,22,27,49,50,28,14,5,22,1,22,20
11/20/2009,,3,4,7,16,56,39,1,3,9,40,17,36
11/24/2009,,10,11,35,37,50,12,1,24,2,13,38,2
11/27/2009,,12,25,37,39,45,11,13,12,2,6,34,1
12/1/2009,,17,30,39,52,53,21,13,9,13,1,32,4
12/4/2009,,4,33,41,51,56,38,29,8,10,5,18,34
12/8/2009,,20,23,28,30,46,29,3,5,2,16,17,9
12/11/2009,,2,21,27,34,44,45,19,6,7,10,1,43
12/15/2009,,27,31,32,36,47,35,4,1,4,11,12,8
12/18/2009,,10,20,30,44,49,24,10,10,14,5,25,14
12/22/2009,,3,33,35,39,45,13,30,2,4,6,32,10
12/25/2009,,4,16,44,52,54,20,12,28,8,2,34,16
12/29/2009,,2,5,29,35,51,3,3,24,6,16,48,1
1/1/2010,,6,8,27,40,41,21,2,19,13,1,20,15
1/5/2010,,13,28,39,50,55,10,15,11,11,5,45,3
1/8/2010,,18,20,31,36,43,33,2,11,5,7,10,15
1/12/2010,,5,9,31,37,56,16,4,22,6,19,40,11
1/15/2010,,4,7,19,21,38,29,3,12,2,17,9,25
1/19/2010,,4,5,34,38,41,18,1,29,4,3,23,14
1/22/2010,,8,13,27,28,52,9,5,14,1,24,43,1
1/26/2010,,7,8,38,39,48,22,1,30,1,9,26,15
1/29/2010,,1,10,22,23,38,19,9,12,1,15,19,18
2/2/2010,,6,7,26,27,49,9,1,19,1,22,40,3
2/5/2010,,10,20,45,51,53,41,10,25,6,2,12,31
2/9/2010,,2,17,20,26,48,12,15,3,6,22,36,10
2/12/2010,,14,16,17,33,47,23,2,1,16,14,24,9
2/16/2010,,11,12,21,29,45,5,1,9,8,16,40,6
2/19/2010,,1,22,39,42,46,36,21,17,3,4,10,35
2/23/2010,,4,16,36,40,53,18,12,20,4,13,35,14
2/26/2010,,4,14,29,54,56,40,10,15,25,2,16,36
3/2/2010,,9,12,47,48,56,25,3,35,1,8,31,16
3/5/2010,,11,31,34,44,52,32,20,3,10,8,20,21
3/9/2010,,14,16,18,19,29,16,2,2,1,10,13,2
3/12/2010,,2,15,25,48,53,41,13,10,23,5,12,39
3/16/2010,,3,22,48,52,56,13,19,26,4,4,43,10
3/19/2010,,10,31,45,50,54,25,21,14,5,4,29,15
3/23/2010,,3,25,28,29,40,13,22,3,1,11,27,10
3/26/2010,,23,41,46,47,52,22,18,5,1,5,30,1
3/30/2010,,1,11,24,38,44,41,10,13,14,6,3,40
4/2/2010,,2,17,22,30,31,19,15,5,8,1,12,17
4/6/2010,,16,43,44,52,56,26,27,1,8,4,30,10
4/9/2010,,15,18,39,48,53,3,3,21,9,5,50,12
4/13/2010,,3,12,27,39,47,32,9,15,12,8,15,29
4/16/2010,,10,16,31,48,50,44,6,15,17,2,6,34
4/20/2010,,5,8,10,34,42,25,3,2,24,8,17,20
4/23/2010,,19,26,28,37,52,18,7,2,9,15,34,1
4/27/2010,,23,37,41,50,55,6,14,4,9,5,49,17
4/30/2010,,14,20,41,47,53,40,6,21,6,6,13,26
5/4/2010,,9,21,31,36,43,8,12,10,5,7,35,1
5/7/2010,,2,7,20,34,50,40,5,13,14,16,10,38
5/11/2010,,26,33,43,46,54,9,7,10,3,8,45,17
5/14/2010,,20,21,40,47,56,12,1,19,7,9,44,8
5/18/2010,,11,13,19,37,40,26,2,6,18,3,14,15
5/21/2010,,15,20,23,26,30,17,5,3,3,4,13,2
5/25/2010,,5,14,17,19,24,25,9,3,2,5,1,20
5/28/2010,,3,11,20,29,39,26,8,9,9,10,13,23
6/1/2010,,12,27,44,45,51,30,15,17,1,6,21,18
6/4/2010,,12,13,15,17,50,23,1,2,2,33,27,11
6/8/2010,,12,18,28,48,54,6,6,10,20,6,48,6
6/11/2010,,6,13,33,34,42,25,7,20,1,8,17,19
6/15/2010,,4,12,13,21,27,46,8,1,8,6,19,42
6/18/2010,,11,36,37,41,55,7,25,1,4,14,48,4
6/22/2010,,12,17,21,23,30,24,5,4,2,7,6,12
6/25/2010,,1,2,13,19,27,21,1,11,6,8,6,20
6/29/2010,,3,4,15,27,37,35,1,11,12,10,2,32
7/2/2010,,1,10,12,32,36,25,9,2,20,4,11,24
7/6/2010,,8,18,45,47,50,36,10,27,2,3,14,28
7/9/2010,,1,31,33,34,50,41,30,2,1,16,9,40
7/13/2010,,7,11,14,15,34,14,4,3,1,19,20,7
7/16/2010,,2,15,18,20,39,34,13,3,2,19,5,32
7/20/2010,,12,18,28,36,43,19,6,10,8,7,24,7
7/23/2010,,16,19,39,44,49,26,3,20,5,5,23,10
7/27/2010,,2,7,10,16,29,8,5,3,6,13,21,6
7/30/2010,,11,30,40,48,52,42,19,10,8,4,10,31
8/3/2010,,4,13,20,22,56,32,9,7,2,34,24,28
8/6/2010,,7,13,30,33,54,30,6,17,3,21,24,23
8/10/2010,,2,14,26,50,56,12,12,12,24,6,44,10
8/13/2010,,6,17,24,43,55,36,11,7,19,12,19,30
8/17/2010,,11,19,40,43,44,33,8,21,3,1,11,22
8/20/2010,,4,13,20,29,48,36,9,7,9,19,12,32
8/24/2010,,4,23,24,28,32,31,19,1,4,4,1,27
8/27/2010,,4,10,26,32,41,31,6,16,6,9,10,27
8/31/2010,,10,20,29,47,48,38,10,9,18,1,10,28
9/3/2010,,10,13,20,28,36,9,3,7,8,8,27,1
9/7/2010,,8,18,22,24,38,23,10,4,2,14,15,15
9/10/2010,,11,12,17,21,23,20,1,5,4,2,3,9
9/14/2010,,6,14,50,55,56,1,8,36,5,1,55,5
9/17/2010,,3,4,14,18,27,13,1,10,4,9,14,10
9/21/2010,,3,20,43,47,52,26,17,23,4,5,26,23
9/24/2010,,2,28,38,42,55,25,26,10,4,13,30,23
9/28/2010,,2,10,13,36,38,18,8,3,23,2,20,16
10/1/2010,,3,8,21,28,52,43,5,13,7,24,9,40
10/5/2010,,10,19,24,37,44,27,9,5,13,7,17,17
10/8/2010,,24,29,37,48,50,19,5,8,11,2,31,5
10/12/2010,,10,31,36,37,43,15,21,5,1,6,28,5
10/15/2010,,9,10,13,31,50,10,1,3,18,19,40,1
10/19/2010,,2,9,14,37,42,41,7,5,23,5,1,39
10/22/2010,,2,7,18,32,53,18,5,11,14,21,35,16
10/26/2010,,15,21,30,31,32,26,6,9,1,1,6,11
10/29/2010,,4,19,26,28,39,14,15,7,2,11,25,10
11/2/2010,,1,3,12,16,54,46,2,9,4,38,8,45
11/5/2010,,19,25,34,46,53,15,6,9,12,7,38,4
11/9/2010,,8,26,28,33,53,11,18,2,5,20,42,3
11/12/2010,,9,26,28,35,38,10,17,2,7,3,28,1
11/16/2010,,1,26,27,39,46,21,25,1,12,7,25,20
11/19/2010,,7,14,31,51,54,35,7,17,20,3,19,28
11/23/2010,,2,6,12,34,35,33,4,6,22,1,2,31
11/26/2010,,5,9,34,43,47,8,4,25,9,4,39,3
11/30/2010,,11,16,19,47,53,2,5,3,28,6,51,9
12/3/2010,,6,11,12,18,56,12,5,1,6,38,44,6
12/7/2010,,4,38,45,53,54,9,34,7,8,1,45,5
12/10/2010,,23,27,33,44,46,36,4,6,11,2,10,13
12/14/2010,,18,22,25,31,38,29,4,3,6,7,9,11
12/17/2010,,11,20,26,46,53,12,9,6,20,7,41,1
12/21/2010,,8,11,12,31,32,29,3,1,19,1,3,21
12/24/2010,,15,16,27,40,52,16,1,11,13,12,36,1
12/28/2010,,6,18,36,40,49,7,12,18,4,9,42,1
12/31/2010,,10,12,13,35,56,9,2,1,22,21,47,1
1/4/2011,,4,8,15,25,47,42,4,7,10,22,5,38
1/7/2011,,4,22,42,46,53,20,18,20,4,7,33,16
1/11/2011,,1,4,11,16,45,37,3,7,5,29,8,36
1/14/2011,,2,15,17,33,35,8,13,2,16,2,27,6
1/18/2011,,4,27,29,38,45,5,23,2,9,7,40,1
1/21/2011,,5,9,21,35,38,20,4,12,14,3,18,15
1/25/2011,,5,8,31,46,50,4,3,23,15,4,46,1
1/28/2011,,14,33,48,49,50,18,19,15,1,1,32,4
2/1/2011,,16,22,23,26,35,31,6,1,3,9,4,15
2/4/2011,,6,20,29,48,55,6,14,9,19,7,49,0
2/8/2011,,25,35,36,47,48,18,10,1,11,1,30,7
2/11/2011,,8,9,17,32,34,13,1,8,15,2,21,5
2/15/2011,,17,18,24,35,39,18,1,6,11,4,21,1
2/18/2011,,5,6,7,30,45,42,1,1,23,15,3,37
2/22/2011,,15,22,23,48,55,31,7,1,25,7,24,16
2/25/2011,,4,5,17,19,50,7,1,12,2,31,43,3
3/1/2011,,1,12,19,20,47,25,11,7,1,27,22,24
3/4/2011,,8,10,15,23,41,7,2,5,8,18,34,1
3/8/2011,,3,17,19,41,55,24,14,2,22,14,31,21
3/11/2011,,14,19,21,42,45,6,5,2,21,3,39,8
3/15/2011,,10,11,12,28,43,45,1,1,16,15,2,35
3/18/2011,,14,33,34,54,56,37,19,1,20,2,19,23
3/22/2011,,1,14,35,50,53,43,13,21,15,3,10,42
3/25/2011,,22,24,31,52,54,4,2,7,21,2,50,18
3/29/2011,,6,15,23,34,38,43,9,8,11,4,5,37
4/1/2011,,13,14,35,36,53,19,1,21,1,17,34,6
4/5/2011,,1,19,20,31,36,9,18,1,11,5,27,8
4/8/2011,,6,40,45,50,56,11,34,5,5,6,45,5
4/12/2011,,10,23,39,41,45,15,13,16,2,4,30,5
4/15/2011,,22,23,33,39,48,29,1,10,6,9,19,7
4/19/2011,,20,24,32,45,51,43,4,8,13,6,8,23
4/22/2011,,3,18,46,51,53,17,15,28,5,2,36,14
4/26/2011,,19,29,32,38,55,15,10,3,6,17,40,4
4/29/2011,,9,10,11,33,51,29,1,1,22,18,22,20
5/3/2011,,1,16,29,36,50,16,15,13,7,14,34,15
5/6/2011,,6,18,26,37,41,9,12,8,11,4,32,3
5/10/2011,,11,16,34,40,51,34,5,18,6,11,17,23
5/13/2011,,3,33,39,47,53,9,30,6,8,6,44,6
5/17/2011,,1,2,17,25,48,45,1,15,8,23,3,44
5/20/2011,,10,17,19,45,48,30,7,2,26,3,18,20
5/24/2011,,9,12,21,42,43,42,3,9,21,1,1,33
5/27/2011,,5,7,14,28,56,10,2,7,14,28,46,5
5/31/2011,,28,30,31,37,55,13,2,1,6,18,42,15
6/3/2011,,20,23,41,49,53,31,3,18,8,4,22,11
6/7/2011,,29,32,35,47,52,13,3,3,12,5,39,16
6/10/2011,,18,21,27,37,38,7,3,6,10,1,31,11
6/14/2011,,9,10,20,51,53,24,1,10,31,2,29,15
6/17/2011,,12,29,46,47,51,24,17,17,1,4,27,12
6/21/2011,,11,24,25,31,46,17,13,1,6,15,29,6
6/24/2011,,10,14,40,49,51,4,4,26,9,2,47,6
6/28/2011,,12,17,27,47,48,33,5,10,20,1,15,21
7/1/2011,,12,17,30,35,47,26,5,13,5,12,21,14
7/5/2011,,1,10,13,18,46,19,9,3,5,28,27,18
7/8/2011,,1,2,22,37,50,45,1,20,15,13,5,44
7/12/2011,,3,9,11,44,49,9,6,2,33,5,40,6
7/15/2011,,16,29,30,46,56,6,13,1,16,10,50,10
7/19/2011,,2,9,10,16,35,40,7,1,6,19,5,38
7/22/2011,,23,31,32,39,56,38,8,1,7,17,18,15
7/26/2011,,20,25,35,52,55,10,5,10,17,3,45,10
7/29/2011,,8,10,22,47,48,35,2,12,25,1,13,27
8/2/2011,,14,17,19,20,32,28,3,2,1,12,4,14
8/5/2011,,6,24,28,33,42,19,18,4,5,9,23,13
8/9/2011,,11,19,39,45,54,15,8,20,6,9,39,4
8/12/2011,,9,43,51,54,55,13,34,8,3,1,42,4
8/16/2011,,4,38,41,42,43,44,34,3,1,1,1,40
8/19/2011,,5,15,53,54,56,22,10,38,1,2,34,17
8/23/2011,,11,21,44,48,49,23,10,23,4,1,26,12
8/26/2011,,2,3,27,30,47,36,1,24,3,17,11,34
8/30/2011,,2,22,25,28,50,18,20,3,3,22,32,16
9/2/2011,,25,44,48,49,55,20,19,4,1,6,35,5
9/6/2011,,1,36,38,42,49,19,35,2,4,7,30,18
9/9/2011,,7,12,19,23,31,45,5,7,4,8,14,38
9/13/2011,,22,31,43,48,56,45,9,12,5,8,11,23
9/16/2011,,6,23,41,45,56,24,17,18,4,11,32,18
9/20/2011,,6,29,38,50,51,39,23,9,12,1,12,33
9/23/2011,,21,27,32,40,52,36,6,5,8,12,16,15
9/27/2011,,2,20,28,36,45,37,18,8,8,9,8,35
9/30/2011,,3,19,21,44,45,29,16,2,23,1,16,26
10/4/2011,,3,26,40,45,52,11,23,14,5,7,41,8
10/7/2011,,5,15,19,23,38,19,10,4,4,15,19,14
10/11/2011,,25,34,38,44,56,27,9,4,6,12,29,2
10/14/2011,,13,35,42,45,54,26,22,7,3,9,28,13
10/18/2011,,24,25,45,47,53,42,1,20,2,6,11,18
10/21/2011,,6,21,35,37,38,17,15,14,2,1,21,11
10/25/2011,,13,33,40,44,46,8,20,7,4,2,38,5
10/28/2011,,13,31,49,52,56,41,18,18,3,4,15,28
11/1/2011,,27,31,39,40,46,36,4,8,1,6,10,9
11/4/2011,,26,30,32,33,44,1,4,2,1,11,43,25
11/8/2011,,5,31,45,47,54,4,26,14,2,7,50,1
11/11/2011,,2,16,22,29,50,27,14,6,7,21,23,25
11/15/2011,,3,6,24,30,33,21,3,18,6,3,12,18
11/18/2011,,4,13,33,39,55,3,9,20,6,16,52,1
11/22/2011,,4,16,23,33,48,38,12,7,10,15,10,34
11/25/2011,,22,28,42,49,54,43,6,14,7,5,11,21
11/29/2011,,17,29,43,48,52,36,12,14,5,4,16,19
12/2/2011,,24,30,48,51,56,45,6,18,3,5,11,21
12/6/2011,,7,21,29,35,49,39,14,8,6,14,10,32
12/9/2011,,4,12,29,49,51,44,8,17,20,2,7,40
12/13/2011,,5,6,22,26,41,6,1,16,4,15,35,1
12/16/2011,,2,4,26,36,39,27,2,22,10,3,12,25
12/20/2011,,20,24,27,45,51,31,4,3,18,6,20,11
12/23/2011,,3,5,8,18,29,14,2,3,10,11,15,11
12/27/2011,,23,32,33,39,43,8,9,1,6,4,35,15
12/30/2011,,4,24,45,46,52,1,20,21,1,6,51,3
1/3/2012,,2,3,15,22,36,23,1,12,7,14,13,21
1/6/2012,,9,17,28,34,48,46,8,11,6,14,2,37
1/10/2012,,4,10,16,38,48,34,6,6,22,10,14,30
1/13/2012,,10,27,28,37,51,19,17,1,9,14,32,9
1/17/2012,,3,15,31,36,53,27,12,16,5,17,26,24
1/20/2012,,1,9,28,38,47,8,8,19,10,9,39,7
1/24/2012,,10,22,24,36,49,33,12,2,12,13,16,23
1/27/2012,,3,5,30,36,48,23,2,25,6,12,25,20
1/31/2012,,9,17,18,28,43,9,8,1,10,15,34,0
2/3/2012,,7,19,21,49,53,35,12,2,28,4,18,28
2/7/2012,,17,23,30,37,45,4,6,7,7,8,41,13
2/10/2012,,3,4,18,29,50,20,1,14,11,21,30,17
2/14/2012,,3,5,10,26,27,27,2,5,16,1,0,24
2/17/2012,,16,25,28,32,40,3,9,3,4,8,37,13
2/21/2012,,9,30,39,42,47,37,21,9,3,5,10,28
2/24/2012,,1,16,18,25,27,3,15,2,7,2,24,2
2/28/2012,,6,15,29,39,51,36,9,14,10,12,15,30
3/2/2012,,16,29,48,52,54,5,13,19,4,2,49,11
3/6/2012,,20,24,31,33,36,44,4,7,2,3,8,24
3/9/2012,,9,10,27,36,42,11,1,17,9,6,31,2
3/13/2012,,2,8,30,36,48,31,6,22,6,12,17,29
3/16/2012,,28,29,43,51,53,7,1,14,8,2,46,21
3/20/2012,,1,4,6,11,14,30,3,2,5,3,16,29
3/23/2012,,6,17,19,20,21,20,11,2,1,1,1,14
3/27/2012,,9,19,34,44,51,24,10,15,10,7,27,15
3/30/2012,,2,4,23,38,46,23,2,19,15,8,23,21
4/3/2012,,11,35,38,41,52,40,24,3,3,11,12,29
4/6/2012,,2,19,20,24,33,39,17,1,4,9,6,37
4/10/2012,,2,6,12,31,48,25,4,6,19,17,23,23
4/13/2012,,9,14,17,36,42,33,5,3,19,6,9,24
4/17/2012,,1,16,24,32,48,2,15,8,8,16,46,1
4/20/2012,,14,23,26,33,35,40,9,3,7,2,5,26
4/24/2012,,3,9,15,37,38,39,6,6,22,1,1,36
4/27/2012,,2,5,45,46,47,37,3,40,1,1,10,35
5/1/2012,,24,27,31,45,52,38,3,4,14,7,14,14
5/4/2012,,4,11,21,42,53,38,7,10,21,11,15,34
5/8/2012,,2,6,8,18,51,19,4,2,10,33,32,17
5/11/2012,,3,15,29,35,54,8,12,14,6,19,46,5
5/15/2012,,10,11,12,14,24,6,1,1,2,10,18,4
5/18/2012,,3,11,22,34,49,1,8,11,12,15,48,2
5/22/2012,,10,14,35,43,52,16,4,21,8,9,36,6
5/25/2012,,9,15,21,40,54,11,6,6,19,14,43,2
5/29/2012,,2,14,29,53,55,31,12,15,24,2,24,29
6/1/2012,,2,27,38,46,52,45,25,11,8,6,7,43
6/5/2012,,37,39,42,53,55,22,2,3,11,2,33,15
6/8/2012,,4,9,34,40,48,25,5,25,6,8,23,21
6/12/2012,,2,9,17,34,50,45,7,8,17,16,5,43
6/15/2012,,8,12,18,30,40,4,4,6,12,10,36,4
6/19/2012,,11,21,27,30,53,11,10,6,3,23,42,0
6/22/2012,,10,16,19,32,36,13,6,3,13,4,23,3
6/26/2012,,3,16,23,35,36,20,13,7,12,1,16,17
6/29/2012,,28,34,39,45,53,34,6,5,6,8,19,6
7/3/2012,,3,4,24,36,52,45,1,20,12,16,7,42
7/6/2012,,20,23,28,35,39,21,3,5,7,4,18,1
7/10/2012,,3,11,19,23,36,21,8,8,4,13,15,18
7/13/2012,,6,7,13,24,46,34,1,6,11,22,12,28
7/17/2012,,1,13,21,49,55,17,12,8,28,6,38,16
7/20/2012,,2,44,48,50,52,3,42,4,2,2,49,1
7/24/2012,,5,9,38,46,51,5,4,29,8,5,46,0
7/27/2012,,2,3,4,8,43,26,1,1,4,35,17,24
7/31/2012,,5,18,21,29,41,37,13,3,8,12,4,32
8/3/2012,,2,10,13,38,46,2,8,3,25,8,44,0
8/7/2012,,30,32,33,42,48,7,2,1,9,6,41,23
8/10/2012,,10,18,36,38,44,8,8,18,2,6,36,2
8/14/2012,,15,23,34,39,55,32,8,11,5,16,23,17
8/17/2012,,8,20,24,35,56,24,12,4,11,21,32,16
8/21/2012,,5,13,20,23,33,30,8,7,3,10,3,25
8/24/2012,,25,34,45,46,49,34,9,11,1,3,15,9
8/28/2012,,4,9,40,45,50,39,5,31,5,5,11,35
8/31/2012,,31,40,41,47,48,45,9,1,6,1,3,14
9/4/2012,,16,32,39,41,53,16,16,7,2,12,37,0
9/7/2012,,15,32,38,42,46,31,17,6,4,4,15,16
9/11/2012,,5,11,20,33,36,11,6,9,13,3,25,6
9/14/2012,,16,17,21,40,51,20,1,4,19,11,31,4
9/18/2012,,5,9,22,36,49,36,4,13,14,13,13,31
9/21/2012,,3,13,14,46,55,34,10,1,32,9,21,31
9/25/2012,,7,8,23,50,51,26,1,15,27,1,25,19
9/28/2012,,6,8,14,43,56,28,2,6,29,13,28,22
10/2/2012,,10,11,20,42,55,9,1,9,22,13,46,1
10/5/2012,,8,9,16,32,39,15,1,7,16,7,24,7
10/9/2012,,6,15,16,22,37,3,9,1,6,15,34,3
10/12/2012,,6,10,24,26,42,15,4,14,2,16,27,9
10/16/2012,,13,37,40,46,52,29,24,3,6,6,23,16
10/19/2012,,14,34,36,48,53,42,20,2,12,5,11,28
10/23/2012,,1,17,42,46,55,1,16,25,4,9,54,0
10/26/2012,,4,15,24,36,40,44,11,9,12,4,4,40
10/30/2012,,5,12,18,29,56,38,7,6,11,27,18,33
11/2/2012,,4,18,22,38,44,24,14,4,16,6,20,20
11/6/2012,,3,5,13,32,35,6,2,8,19,3,29,3
11/9/2012,,18,22,33,35,40,11,4,11,2,5,29,7
11/13/2012,,6,12,31,46,56,34,6,19,15,10,22,28
11/16/2012,,5,24,26,29,53,36,19,2,3,24,17,31
11/20/2012,,9,13,22,38,52,44,4,9,16,14,8,35
11/23/2012,,8,37,44,47,48,27,29,7,3,1,21,19
11/27/2012,,5,12,26,42,49,24,7,14,16,7,25,19
11/30/2012,,11,22,24,28,31,46,11,2,4,3,15,35
12/4/2012,,3,19,24,32,43,44,16,5,8,11,1,41
12/7/2012,,7,43,44,51,56,4,36,1,7,5,52,3
12/11/2012,,39,44,51,52,54,13,5,7,1,2,41,26
12/14/2012,,11,28,33,41,43,41,17,5,8,2,2,30
12/18/2012,,1,6,7,18,29,16,5,1,11,11,13,15
12/21/2012,,3,18,32,41,56,19,15,14,9,15,37,16
12/25/2012,,2,3,18,34,48,36,1,15,16,14,12,34
12/28/2012,,10,13,32,40,41,32,3,19,8,1,9,22
1/1/2013,,4,11,21,25,44,29,7,10,4,19,15,25
1/4/2013,,1,2,23,25,55,39,1,21,2,30,16,38
1/8/2013,,3,20,21,38,42,19,17,1,17,4,23,16
1/11/2013,,24,29,30,34,56,1,5,1,4,22,55,23
1/15/2013,,1,6,12,19,41,14,5,6,7,22,27,13
1/18/2013,,8,18,25,42,49,14,10,7,17,7,35,6
1/22/2013,,7,11,16,39,54,13,4,5,23,15,41,6
1/25/2013,,11,12,17,31,48,1,1,5,14,17,47,10
1/29/2013,,8,12,27,46,47,6,4,15,19,1,41,2
2/1/2013,,1,30,32,40,41,17,29,2,8,1,24,16
2/5/2013,,2,5,10,26,44,46,3,5,16,18,2,44
2/8/2013,,6,15,20,39,50,5,9,5,19,11,45,1
2/12/2013,,9,22,32,38,55,44,13,10,6,17,11,35
2/15/2013,,11,35,41,42,44,42,24,6,1,2,2,31
2/19/2013,,1,15,19,30,56,28,14,4,11,26,28,27
2/22/2013,,9,13,24,38,49,30,4,11,14,11,19,21
2/26/2013,,6,7,13,15,43,7,1,6,2,28,36,1
3/1/2013,,17,30,38,43,51,20,13,8,5,8,31,3
3/5/2013,,6,20,39,41,46,42,14,19,2,5,4,36
3/8/2013,,4,11,25,34,35,44,7,14,9,1,9,40
3/12/2013,,9,12,19,20,30,39,3,7,1,10,9,30
3/15/2013,,4,8,17,22,32,8,4,9,5,10,24,4
3/19/2013,,3,6,14,21,37,35,3,8,7,16,2,32
3/22/2013,,14,27,34,37,41,38,13,7,3,4,3,24
3/26/2013,,20,33,46,49,51,46,13,13,3,2,5,26
3/29/2013,,25,31,36,46,53,21,6,5,10,7,32,4
4/2/2013,,7,10,14,40,47,34,3,4,26,7,13,27
4/5/2013,,8,15,23,36,41,5,7,8,13,5,36,3
4/9/2013,,17,30,41,48,54,13,13,11,7,6,41,4
4/12/2013,,1,10,13,19,21,28,9,3,6,2,7,27
4/16/2013,,2,5,15,18,39,42,3,10,3,21,3,40
4/19/2013,,6,8,12,22,43,28,2,4,10,21,15,22
4/23/2013,,9,21,22,32,50,10,12,1,10,18,40,1
4/26/2013,,17,42,49,54,55,31,25,7,5,1,24,14
4/30/2013,,21,30,34,39,49,43,9,4,5,10,6,22
5/3/2013,,2,20,34,42,54,39,18,14,8,12,15,37
5/7/2013,,1,6,13,20,51,31,5,7,7,31,20,30
5/10/2013,,1,19,20,39,49,28,18,1,19,10,21,27
5/14/2013,,6,10,12,28,32,38,4,2,16,4,6,32
5/17/2013,,11,15,35,43,49,41,4,20,8,6,8,30
5/21/2013,,2,15,17,48,55,11,13,2,31,7,44,9
5/24/2013,,4,5,16,18,53,28,1,11,2,35,25,24
5/28/2013,,4,12,25,32,54,36,8,13,7,22,18,32
5/31/2013,,2,20,26,44,46,26,18,6,18,2,20,24
6/4/2013,,10,11,12,20,55,19,1,1,8,35,36,9
6/7/2013,,1,10,37,48,55,21,9,27,11,7,34,20
6/11/2013,,15,40,45,50,53,28,25,5,5,3,25,13
6/14/2013,,2,5,31,33,34,20,3,26,2,1,14,18
6/18/2013,,6,17,34,40,48,30,11,17,6,8,18,24
6/21/2013,,3,14,17,40,50,3,11,3,23,10,47,0
6/25/2013,,3,5,28,33,51,16,2,23,5,18,35,13
6/28/2013,,8,15,35,46,52,38,7,20,11,6,14,30
7/2/2013,,36,42,51,52,53,40,6,9,1,1,13,4
7/5/2013,,2,23,41,47,54,42,21,18,6,7,12,40
7/9/2013,,3,21,43,45,48,14,18,22,2,3,34,11
7/12/2013,,4,5,25,27,51,10,1,20,2,24,41,6
7/16/2013,,10,14,21,40,53,20,4,7,19,13,33,10
7/19/2013,,16,20,24,39,42,46,4,4,15,3,4,30
7/23/2013,,25,32,35,50,51,46,7,3,15,1,5,21
7/26/2013,,4,22,23,27,38,42,18,1,4,11,4,38
7/30/2013,,25,27,36,42,44,39,2,9,6,2,5,14
8/2/2013,,8,21,23,25,39,4,13,2,2,14,35,4
8/6/2013,,1,11,16,51,55,41,10,5,35,4,14,40
8/9/2013,,11,20,30,34,38,12,9,10,4,4,26,1
8/13/2013,,2,31,32,37,41,40,29,1,5,4,1,38
8/16/2013,,7,13,26,36,46,37,6,13,10,10,9,30
8/20/2013,,13,28,35,38,41,33,15,7,3,3,8,20
8/23/2013,,1,9,17,20,53,14,8,8,3,33,39,13
8/27/2013,,4,7,30,36,38,38,3,23,6,2,0,34
8/30/2013,,6,19,24,43,44,33,13,5,19,1,11,27
9/3/2013,,4,13,14,28,41,28,9,1,14,13,13,24
9/6/2013,,2,16,17,22,41,31,14,1,5,19,10,29
9/10/2013,,2,12,18,54,56,1,10,6,36,2,55,1
9/13/2013,,9,22,28,48,54,8,13,6,20,6,46,1
9/17/2013,,6,15,27,31,39,25,9,12,4,8,14,19
9/20/2013,,1,15,20,21,47,34,14,5,1,26,13,33
9/24/2013,,4,11,32,39,40,33,7,21,7,1,7,29
9/27/2013,,9,23,27,49,51,38,14,4,22,2,13,29
10/1/2013,,7,10,30,37,53,1,3,20,7,16,52,6
10/4/2013,,4,16,24,25,44,5,12,8,1,19,39,1
10/8/2013,,6,15,19,23,40,5,9,4,4,17,35,1
10/11/2013,,3,27,37,45,48,46,24,10,8,3,2,43
10/15/2013,,4,23,30,43,50,11,19,7,13,7,39,7
10/18/2013,,5,20,45,48,56,1,15,25,3,8,55,4
10/22/2013,,2,3,19,52,71,14,1,16,33,19,57,12
10/25/2013,,6,16,45,54,60,15,10,29,9,6,45,9
10/29/2013,,20,33,50,53,54,7,13,17,3,1,47,13
11/1/2013,,32,35,49,62,67,1,3,14,13,5,66,31
11/5/2013,,2,11,42,64,74,2,9,31,22,10,72,0
11/8/2013,,41,42,51,57,65,7,1,9,6,8,58,34
11/12/2013,,20,30,32,42,71,15,10,2,10,29,56,5
11/15/2013,,25,44,49,54,63,8,19,5,5,9,55,17
11/19/2013,,14,15,29,49,63,2,1,14,20,14,61,12
11/22/2013,,17,23,35,36,44,8,6,12,1,8,36,9
11/26/2013,,27,44,59,74,75,3,17,15,15,1,72,24
11/29/2013,,9,41,43,47,57,5,32,2,4,10,52,4
12/3/2013,,7,12,41,44,59,3,5,29,3,15,56,4
12/6/2013,,11,29,44,63,64,3,18,15,19,1,61,8
12/10/2013,,5,12,22,41,65,13,7,10,19,24,52,8
12/13/2013,,19,24,26,27,70,12,5,2,1,43,58,7
12/17/2013,,8,14,17,20,39,7,6,3,3,19,32,1
12/20/2013,,3,4,31,49,57,6,1,27,18,8,51,3
12/24/2013,,23,34,53,58,73,2,11,19,5,15,71,21
12/27/2013,,4,15,35,48,49,11,11,20,13,1,38,7
12/31/2013,,8,12,34,52,58,8,4,22,18,6,50,0
1/3/2014,,22,24,25,40,70,5,2,1,15,30,65,17
1/7/2014,,13,34,56,62,64,6,21,22,6,2,58,7
1/10/2014,,8,28,36,37,57,8,20,8,1,20,49,0
1/14/2014,,4,23,26,62,69,13,19,3,36,7,56,9
1/17/2014,,1,10,26,31,51,11,9,16,5,20,40,10
1/21/2014,,8,23,33,45,52,4,15,10,12,7,48,4
1/24/2014,,22,45,46,47,65,10,23,1,1,18,55,12
1/28/2014,,7,16,28,53,60,2,9,12,25,7,58,5
1/31/2014,,3,9,13,47,52,8,6,4,34,5,44,5
2/4/2014,,25,44,49,60,73,9,19,5,11,13,64,16
2/7/2014,,11,21,23,35,64,10,10,2,12,29,54,1
2/11/2014,,43,64,67,71,73,4,21,3,4,2,69,39
2/14/2014,,20,28,35,71,72,7,8,7,36,1,65,13
2/18/2014,,23,29,31,37,70,14,6,2,6,33,56,9
2/21/2014,,23,29,32,45,46,15,6,3,13,1,31,8
2/25/2014,,12,18,25,35,66,15,6,7,10,31,51,3
2/28/2014,,3,31,50,58,59,6,28,19,8,1,53,3
3/4/2014,,10,29,31,35,45,10,19,2,4,10,35,0
3/7/2014,,11,13,51,57,69,1,2,38,6,12,68,10
3/11/2014,,9,14,56,57,69,10,5,42,1,12,59,1
3/14/2014,,7,20,40,54,69,12,13,20,14,15,57,5
3/18/2014,,11,19,24,33,51,7,8,5,9,18,44,4
3/21/2014,,2,23,30,35,53,10,21,7,5,18,43,8
3/25/2014,,19,26,51,57,73,15,7,25,6,16,58,4
3/28/2014,,2,3,9,50,73,12,1,6,41,23,61,10
4/1/2014,,10,23,68,74,75,9,13,45,6,1,66,1
4/4/2014,,1,10,15,41,54,9,9,5,26,13,45,8
4/8/2014,,35,36,41,60,71,3,1,5,19,11,68,32
4/11/2014,,3,42,44,47,57,8,39,2,3,10,49,5
4/15/2014,,4,39,46,47,70,13,35,7,1,23,57,9
4/18/2014,,18,25,38,45,63,9,7,13,7,18,54,9
4/22/2014,,2,18,19,49,50,1,16,1,30,1,49,1
4/25/2014,,3,11,18,20,66,9,8,7,2,46,57,6
4/29/2014,,7,43,59,61,66,3,36,16,2,5,63,4
5/2/2014,,1,18,26,35,40,13,17,8,9,5,27,12
5/6/2014,,18,20,27,48,51,5,2,7,21,3,46,13
5/9/2014,,10,28,39,51,59,14,18,11,12,8,45,4
5/13/2014,,37,46,48,70,74,1,9,2,22,4,73,36
5/16/2014,,13,14,16,50,56,11,1,2,34,6,45,2
5/20/2014,,10,40,63,64,69,7,30,23,1,5,62,3
5/23/2014,,12,14,21,38,70,15,2,7,17,32,55,3
5/27/2014,,1,6,10,46,58,13,5,4,36,12,45,12
5/30/2014,,10,13,42,43,62,2,3,29,1,19,60,8
6/3/2014,,19,28,62,66,74,6,9,34,4,8,68,13
6/6/2014,,12,29,37,49,72,9,17,8,12,23,63,3
6/10/2014,,2,10,24,26,74,7,8,14,2,48,67,5
6/13/2014,,7,38,46,49,56,1,31,8,3,7,55,6
6/17/2014,,10,14,24,47,60,3,4,10,23,13,57,7
6/20/2014,,1,22,25,29,56,3,21,3,4,27,53,2
6/24/2014,,13,17,24,47,65,10,4,7,23,18,55,3
6/27/2014,,15,29,31,46,64,10,14,2,15,18,54,5
7/1/2014,,9,22,38,47,49,15,13,16,9,2,34,6
7/4/2014,,16,33,39,58,69,2,17,6,19,11,67,14
7/8/2014,,14,25,27,48,49,9,11,2,21,1,40,5
7/11/2014,,9,13,30,35,69,10,4,17,5,34,59,1
7/15/2014,,2,4,17,36,40,5,2,13,19,4,35,3
7/18/2014,,5,8,59,65,72,3,3,51,6,7,69,2
7/22/2014,,14,18,22,31,47,15,4,4,9,16,32,1
7/25/2014,,22,29,33,41,68,12,7,4,8,27,56,10
7/29/2014,,2,8,16,43,74,1,6,8,27,31,73,1
8/1/2014,,13,29,34,37,72,6,16,5,3,35,66,7
8/5/2014,,25,28,36,45,53,6,3,8,9,8,47,19
8/8/2014,,9,16,61,70,75,7,7,45,9,5,68,2
8/12/2014,,32,53,60,63,68,6,21,7,3,5,62,26
8/15/2014,,16,19,28,29,68,9,3,9,1,39,59,7
8/19/2014,,22,39,56,67,71,15,17,17,11,4,56,7
8/22/2014,,5,31,34,41,74,3,26,3,7,33,71,2
8/26/2014,,29,31,51,60,64,1,2,20,9,4,63,28
8/29/2014,,3,26,45,58,73,12,23,19,13,15,61,9
9/2/2014,,1,8,54,69,72,1,7,46,15,3,71,0
9/5/2014,,7,12,20,24,59,7,5,8,4,35,52,0
9/9/2014,,25,34,55,70,71,1,9,21,15,1,70,24
9/12/2014,,18,28,33,36,42,7,10,5,3,6,35,11
9/16/2014,,25,45,51,53,73,2,20,6,2,20,71,23
9/19/2014,,16,25,27,29,34,2,9,2,2,5,32,14
9/23/2014,,21,24,25,40,43,12,3,1,15,3,31,9
9/26/2014,,17,26,35,46,62,9,9,9,11,16,53,8
9/30/2014,,3,16,52,54,61,6,13,36,2,7,55,3
10/3/2014,,3,20,34,58,67,6,17,14,24,9,61,3
10/7/2014,,16,29,46,48,55,2,13,17,2,7,53,14
10/10/2014,,2,32,35,50,59,3,30,3,15,9,56,1
10/14/2014,,11,37,46,64,68,15,26,9,18,4,53,4
10/17/2014,,21,31,43,56,60,12,10,12,13,4,48,9
10/21/2014,,5,35,37,41,66,11,30,2,4,25,55,6
10/24/2014,,2,14,21,28,55,3,12,7,7,27,52,1
10/28/2014,,3,50,57,58,60,11,47,7,1,2,49,8
10/31/2014,,11,29,36,58,67,15,18,7,22,9,52,4
11/4/2014,,9,15,24,39,41,1,6,9,15,2,40,8
11/7/2014,,31,35,41,65,66,5,4,6,24,1,61,26
11/11/2014,,23,25,28,30,75,11,2,3,2,45,64,12
11/14/2014,,3,49,61,62,68,15,46,12,1,6,53,12
11/18/2014,,37,39,53,68,75,6,2,14,15,7,69,31
11/21/2014,,3,12,35,37,63,15,9,23,2,26,48,12
11/25/2014,,10,11,29,47,56,4,1,18,18,9,52,6
11/28/2014,,8,26,29,36,47,10,18,3,7,11,37,2
12/2/2014,,13,18,22,49,62,11,5,4,27,13,51,2
12/5/2014,,4,5,11,51,59,5,1,6,40,8,54,1
12/9/2014,,27,45,49,51,52,14,18,4,2,1,38,13
12/12/2014,,2,31,46,58,65,7,29,15,12,7,58,5
12/16/2014,,41,58,68,72,73,1,17,10,4,1,72,40
12/19/2014,,14,18,58,59,68,4,4,40,1,9,64,10
12/23/2014,,4,10,31,56,66,7,6,21,25,10,59,3
12/26/2014,,2,5,10,20,38,14,3,5,10,18,24,12
12/30/2014,,3,7,44,63,67,12,4,37,19,4,55,9
1/2/2015,,13,15,35,62,74,12,2,20,27,12,62,1
1/6/2015,,12,20,27,38,75,4,8,7,11,37,71,8
1/9/2015,,37,49,50,56,57,8,12,1,6,1,49,29
1/13/2015,,12,20,25,50,51,7,8,5,25,1,44,5
1/16/2015,,26,32,44,45,58,11,6,12,1,13,47,15
1/20/2015,,31,35,56,59,63,6,4,21,3,4,57,25
1/23/2015,,14,15,32,68,72,8,1,17,36,4,64,6
1/27/2015,,5,26,27,44,57,7,21,1,17,13,50,2
1/30/2015,,18,31,39,45,55,6,13,8,6,10,49,12
2/3/2015,,11,22,25,58,69,13,11,3,33,11,56,2
2/6/2015,,5,6,17,33,68,13,1,11,16,35,55,8
2/10/2015,,7,42,53,58,71,15,35,11,5,13,56,8
2/13/2015,,4,20,44,65,74,14,16,24,21,9,60,10
2/17/2015,,6,45,50,65,66,1,39,5,15,1,65,5
2/20/2015,,2,6,8,52,66,13,4,2,44,14,53,11
2/24/2015,,15,23,26,45,66,4,8,3,19,21,62,11
2/27/2015,,7,49,53,60,64,4,42,4,7,4,60,3
3/3/2015,,9,11,42,44,50,3,2,31,2,6,47,6
3/6/2015,,30,48,55,68,73,5,18,7,13,5,68,25
3/10/2015,,10,14,19,30,73,14,4,5,11,43,59,4
3/13/2015,,8,22,30,42,45,3,14,8,12,3,42,5
3/17/2015,,11,27,44,45,58,3,16,17,1,13,55,8
3/20/2015,,7,50,54,61,75,7,43,4,7,14,68,0
3/24/2015,,2,23,32,45,55,12,21,9,13,10,43,10
3/27/2015,,17,21,36,58,70,3,4,15,22,12,67,14
3/31/2015,,8,26,41,61,73,11,18,15,20,12,62,3
4/3/2015,,10,36,47,63,74,2,26,11,16,11,72,8
4/7/2015,,5,15,22,26,64,6,10,7,4,38,58,1
4/10/2015,,6,11,32,46,68,9,5,21,14,22,59,3
4/14/2015,,3,7,25,68,71,3,4,18,43,3,68,0
4/17/2015,,15,18,29,41,50,5,3,11,12,9,45,10
4/21/2015,,31,33,35,41,69,11,2,2,6,28,58,20
4/24/2015,,24,25,29,47,67,4,1,4,18,20,63,20
4/28/2015,,22,27,55,58,63,11,5,28,3,5,52,11
5/1/2015,,17,18,61,66,74,3,1,43,5,8,71,14
5/5/2015,,11,21,42,62,71,7,10,21,20,9,64,4
5/8/2015,,9,21,25,66,72,7,12,4,41,6,65,2
5/12/2015,,14,30,33,36,44,2,16,3,3,8,42,12
5/15/2015,,11,17,21,36,74,15,6,4,15,38,59,4
5/19/2015,,10,12,21,29,65,10,2,9,8,36,55,0
5/22/2015,,3,14,15,25,48,8,11,1,10,23,40,5
5/26/2015,,1,39,52,69,72,12,38,13,17,3,60,11
5/29/2015,,20,27,38,49,66,2,7,11,11,17,64,18
6/2/2015,,2,9,11,22,23,12,7,2,11,1,11,10
6/5/2015,,7,22,27,41,49,10,15,5,14,8,39,3
6/9/2015,,6,16,17,25,36,7,10,1,8,11,29,1
6/12/2015,,1,40,42,56,62,2,39,2,14,6,60,1
6/16/2015,,8,19,26,56,67,14,11,7,30,11,53,6
6/19/2015,,4,35,36,52,68,8,31,1,16,16,60,4
6/23/2015,,6,13,38,56,70,2,7,25,18,14,68,4
6/26/2015,,12,23,33,47,50,3,11,10,14,3,47,9
6/30/2015,,11,17,34,43,50,15,6,17,9,7,35,4
7/3/2015,,33,50,64,71,72,9,17,14,7,1,63,24
7/7/2015,,6,15,16,28,49,14,9,1,12,21,35,8
7/10/2015,,24,27,45,51,54,8,3,18,6,3,46,16
7/14/2015,,19,24,30,35,72,5,5,6,5,37,67,14
7/17/2015,,6,17,30,31,41,15,11,13,1,10,26,9
7/21/2015,,20,30,62,65,74,1,10,32,3,9,73,19
7/24/2015,,10,12,26,60,62,13,2,14,34,2,49,3
7/28/2015,,8,35,61,68,75,15,27,26,7,7,60,7
7/31/2015,,28,32,33,40,46,10,4,1,7,6,36,18
8/4/2015,,2,19,44,51,57,14,17,25,7,6,43,12
8/7/2015,,1,38,53,63,66,10,37,15,10,3,56,9
8/11/2015,,3,8,29,57,68,8,5,21,28,11,60,5
8/14/2015,,12,15,20,52,71,3,3,5,32,19,68,9
8/18/2015,,2,7,33,39,53,9,5,26,6,14,44,7
8/21/2015,,13,15,21,41,72,1,2,6,20,31,71,12
8/25/2015,,5,44,54,59,63,1,39,10,5,4,62,4
8/28/2015,,13,35,40,60,68,9,22,5,20,8,59,4
9/1/2015,,2,5,35,40,54,13,3,30,5,14,41,11
9/4/2015,,17,21,39,52,57,5,4,18,13,5,52,12
9/8/2015,,19,20,36,41,46,7,1,16,5,5,39,12
9/11/2015,,5,11,31,50,67,14,6,20,19,17,53,9
9/15/2015,,7,20,35,49,56,9,13,15,14,7,47,2
9/18/2015,,17,34,35,51,65,7,17,1,16,14,58,10
9/22/2015,,28,30,38,45,51,8,2,8,7,6,43,20
9/25/2015,,3,8,38,51,64,4,5,30,13,13,60,1
9/29/2015,,8,21,30,61,62,9,13,9,31,1,53,1
10/2/2015,,4,14,29,31,47,9,10,15,2,16,38,5
10/6/2015,,17,58,63,64,66,13,41,5,1,2,53,4
10/9/2015,,8,9,21,63,75,14,1,12,42,12,61,6
10/13/2015,,7,9,24,38,52,1,2,15,14,14,51,6
10/16/2015,,2,38,48,61,68,4,36,10,13,7,64,2
10/20/2015,,6,25,35,38,52,4,19,10,3,14,48,2
10/23/2015,,25,32,37,45,70,1,7,5,8,25,69,24
10/27/2015,,9,26,27,29,74,4,17,1,2,45,70,5
10/30/2015,,17,41,51,53,56,15,24,10,2,3,41,2
11/3/2015,,16,29,44,69,74,12,13,15,25,5,62,4
11/6/2015,,10,31,35,50,72,8,21,4,15,22,64,2
11/10/2015,,8,17,20,45,71,4,9,3,25,26,67,4
11/13/2015,,17,18,31,35,59,9,1,13,4,24,50,8
11/17/2015,,12,14,18,24,61,10,2,4,6,37,51,2
11/20/2015,,9,12,29,37,67,15,3,17,8,30,52,6
11/24/2015,,2,19,30,38,70,8,17,11,8,32,62,6
11/27/2015,,16,20,39,56,59,12,4,19,17,3,47,4
12/1/2015,,5,7,25,50,59,12,2,18,25,9,47,7
12/4/2015,,26,42,47,61,73,6,16,5,14,12,67,20
12/8/2015,,7,17,37,49,73,15,10,20,12,24,58,8
12/11/2015,,14,20,43,54,69,5,6,23,11,15,64,9
12/15/2015,,18,25,47,51,61,5,7,22,4,10,56,13
12/18/2015,,6,23,24,28,62,7,17,1,4,34,55,1
12/22/2015,,11,21,40,50,70,15,10,19,10,20,55,4
12/25/2015,,15,25,29,44,51,4,10,4,15,7,47,11
12/29/2015,,20,25,55,62,74,7,5,30,7,12,67,13
1/1/2016,,7,18,37,38,39,9,11,19,1,1,30,2
1/5/2016,,1,4,36,48,57,13,3,32,12,9,44,12
1/8/2016,,11,39,51,57,75,2,28,12,6,18,73,9
1/12/2016,,15,27,29,31,48,15,12,2,2,17,33,0
1/15/2016,,29,41,53,54,70,12,12,12,1,16,58,17
1/19/2016,,2,17,31,39,47,9,15,14,8,8,38,7
1/22/2016,,21,25,40,46,56,3,4,15,6,10,53,18
1/26/2016,,14,27,39,50,69,2,13,12,11,19,67,12
1/29/2016,,20,28,49,51,52,6,8,21,2,1,46,14
2/2/2016,,7,13,25,51,70,9,6,12,26,19,61,2
2/5/2016,,4,6,23,55,75,2,2,17,32,20,73,2
2/9/2016,,3,42,46,56,71,13,39,4,10,15,58,10
2/12/2016,,1,7,44,68,73,1,6,37,24,5,72,0
2/16/2016,,9,31,33,46,64,4,22,2,13,18,60,5
2/19/2016,,2,27,41,50,75,4,25,14,9,25,71,2
2/23/2016,,16,32,39,53,57,10,16,7,14,4,47,6
2/26/2016,,3,15,19,62,74,14,12,4,43,12,60,11
3/1/2016,,1,29,33,34,55,6,28,4,1,21,49,5
3/4/2016,,21,26,33,48,73,14,5,7,15,25,59,7
3/8/2016,,27,37,54,66,69,5,10,17,12,3,64,22
3/11/2016,,14,18,48,54,71,13,4,30,6,17,58,1
3/15/2016,,18,26,30,44,68,7,8,4,14,24,61,11
3/18/2016,,5,8,57,59,73,13,3,49,2,14,60,8
3/22/2016,,6,19,34,38,70,5,13,15,4,32,65,1
3/25/2016,,4,11,12,35,46,12,7,1,23,11,34,8
3/29/2016,,33,38,40,46,49,15,5,2,6,3,34,18
4/1/2016,,25,28,33,41,69,6,3,5,8,28,63,19
4/5/2016,,13,45,52,53,57,10,32,7,1,4,47,3
4/8/2016,,31,38,52,65,71,15,7,14,13,6,56,16
4/12/2016,,7,11,59,62,63,3,4,48,3,1,60,4
4/15/2016,,9,10,34,37,73,9,1,24,3,36,64,0
4/19/2016,,9,28,40,57,65,2,19,12,17,8,63,7
4/22/2016,,2,19,21,42,60,13,17,2,21,18,47,11
4/26/2016,,14,16,17,28,48,2,2,1,11,20,46,12
4/29/2016,,5,6,37,55,74,10,1,31,18,19,64,5
5/3/2016,,28,29,33,36,45,15,1,4,3,9,30,13
5/6/2016,,14,26,27,32,36,7,12,1,5,4,29,7
5/10/2016,,12,22,46,56,74,4,10,24,10,18,70,8
5/13/2016,,20,21,38,54,66,7,1,17,16,12,59,13
5/17/2016,,17,24,27,48,75,6,7,3,21,27,69,11
5/20/2016,,19,24,26,40,68,8,5,2,14,28,60,11
5/24/2016,,11,50,51,70,75,15,39,1,19,5,60,4
5/27/2016,,18,41,50,68,70,9,23,9,18,2,61,9
5/31/2016,,9,31,34,41,49,8,22,3,7,8,41,1
6/3/2016,,32,54,65,66,71,10,22,11,1,5,61,22
6/7/2016,,25,48,51,65,72,4,23,3,14,7,68,21
6/10/2016,,34,61,66,67,68,7,27,5,1,1,61,27
6/14/2016,,36,37,38,52,62,6,1,1,14,10,56,30
6/17/2016,,20,23,30,44,59,9,3,7,14,15,50,11
6/21/2016,,6,13,21,49,50,10,7,8,28,1,40,4
6/24/2016,,11,14,54,57,63,11,3,40,3,6,52,0
6/28/2016,,15,17,20,35,55,7,2,3,15,20,48,8
7/1/2016,,20,41,42,45,49,14,21,1,3,4,35,6
7/5/2016,,29,46,53,64,73,10,17,7,11,9,63,19
7/8/2016,,8,19,20,55,73,5,11,1,35,18,68,3
7/12/2016,,6,8,22,46,68,4,2,14,24,22,64,2
7/15/2016,,16,51,52,56,58,4,35,1,4,2,54,12
7/19/2016,,3,34,54,65,66,4,0,0,0,0,0,0
7/22/2016,,8,24,25,26,30,7,0,0,0,0,0,0
7/26/2016,,1,4,31,36,54,9,0,0,0,0,0,0
7/29/2016,,11,16,19,31,48,4,0,0,0,0,0,0
8/2/2016,,3,12,36,54,70,12,0,0,0,0,0,0
8/5/2016,,5,18,28,54,74,6,0,0,0,0,0,0
8/9/2016,,12,19,20,44,66,1,0,0,0,0,0,0
8/12/2016,,4,41,44,56,69,10,0,0,0,0,0,0
8/16/2016,,2,43,52,62,63,6,0,0,0,0,0,0
8/19/2016,,,,,,,,0,0,0,0,0,0
8/23/2016,,,,,,,,0,0,0,0,0,0
8/26/2016,,,,,,,,0,0,0,0,0,0
8/30/2016,,,,,,,,0,0,0,0,0,0
9/2/2016,,,,,,,,0,0,0,0,0,0
9/6/2016,,,,,,,,,,,,,
9/9/2016,,,,,,,,,,,,,
9/13/2016,,,,,,,,,,,,,
9/16/2016,,,,,,,,,,,,,
9/20/2016,,,,,,,,,,,,,
9/23/2016,,,,,,,,,,,,,
9/27/2016,,,,,,,,,,,,,
9/30/2016,,,,,,,,,,,,,
10/4/2016,,,,,,,,,,,,,
10/7/2016,,,,,,,,,,,,,
10/11/2016,,,,,,,,,,,,,
10/14/2016,,,,,,,,,,,,,
10/18/2016,,,,,,,,,,,,,
10/21/2016,,,,,,,,,,,,,
10/25/2016,,,,,,,,,,,,,
10/28/2016,,,,,,,,,,,,,
11/1/2016,,,,,,,,,,,,,
11/4/2016,,,,,,,,,,,,,
11/8/2016,,,,,,,,,,,,,
11/11/2016,,,,,,,,,,,,,
11/15/2016,,,,,,,,,,,,,
11/18/2016,,,,,,,,,,,,,
11/22/2016,,,,,,,,,,,,,
11/25/2016,,,,,,,,,,,,,
11/29/2016,,,,,,,,,,,,,
12/2/2016,,,,,,,,,,,,,
12/6/2016,,,,,,,,,,,,,
12/9/2016,,,,,,,,,,,,,
12/13/2016,,,,,,,,,,,,,
12/16/2016,,,,,,,,,,,,,
12/20/2016,,,,,,,,,,,,,
12/23/2016,,,,,,,,,,,,,
12/27/2016,,,,,,,,,,,,,
12/30/2016,,,,,,,,,,,,,
1/3/2017,,,,,,,,,,,,,
1/6/2017,,,,,,,,,,,,,
1/10/2017,,,,,,,,,,,,,
1/13/2017,,,,,,,,,,,,,
1/17/2017,,,,,,,,,,,,,
1/20/2017,,,,,,,,,,,,,
1/24/2017,,,,,,,,,,,,,
1/27/2017,,,,,,,,,,,,,
1/31/2017,,,,,,,,,,,,,
2/3/2017,,,,,,,,,,,,,
2/7/2017,,,,,,,,,,,,,
2/10/2017,,,,,,,,,,,,,
2/14/2017,,,,,,,,,,,,,
2/17/2017,,,,,,,,,,,,,
2/21/2017,,,,,,,,,,,,,
2/24/2017,,,,,,,,,,,,,
2/28/2017,,,,,,,,,,,,,
3/3/2017,,,,,,,,,,,,,
3/7/2017,,,,,,,,,,,,,
3/10/2017,,,,,,,,,,,,,
3/14/2017,,,,,,,,,,,,,
3/17/2017,,,,,,,,,,,,,
3/21/2017,,,,,,,,,,,,,
3/24/2017,,,,,,,,,,,,,
3/28/2017,,,,,,,,,,,,,
3/31/2017,,,,,,,,,,,,,
4/4/2017,,,,,,,,,,,,,
4/7/2017,,,,,,,,,,,,,
4/11/2017,,,,,,,,,,,,,
4/14/2017,,,,,,,,,,,,,
4/18/2017,,,,,,,,,,,,,
4/21/2017,,,,,,,,,,,,,
4/25/2017,,,,,,,,,,,,,
4/28/2017,,,,,,,,,,,,,
5/2/2017,,,,,,,,,,,,,
5/5/2017,,,,,,,,,,,,,
5/9/2017,,,,,,,,,,,,,
5/12/2017,,,,,,,,,,,,,
5/16/2017,,,,,,,,,,,,,
5/19/2017,,,,,,,,,,,,,
5/23/2017,,,,,,,,,,,,,
5/26/2017,,,,,,,,,,,,,
5/30/2017,,,,,,,,,,,,,
6/2/2017,,,,,,,,,,,,,
6/6/2017,,,,,,,,,,,,,
6/9/2017,,,,,,,,,,,,,
6/13/2017,,,,,,,,,,,,,
6/16/2017,,,,,,,,,,,,,
6/20/2017,,,,,,,,,,,,,
6/23/2017,,,,,,,,,,,,,
6/27/2017,,,,,,,,,,,,,
6/30/2017,,,,,,,,,,,,,
7/4/2017,,,,,,,,,,,,,
7/7/2017,,,,,,,,,,,,,
7/11/2017,,,,,,,,,,,,,
7/14/2017,,,,,,,,,,,,,
7/18/2017,,,,,,,,,,,,,
7/21/2017,,,,,,,,,,,,,
7/25/2017,,,,,,,,,,,,,
7/28/2017,,,,,,,,,,,,,
8/1/2017,,,,,,,,,,,,,
8/4/2017,,,,,,,,,,,,,
8/8/2017,,,,,,,,,,,,,
8/11/2017,,,,,,,,,,,,,
8/15/2017,,,,,,,,,,,,,
8/18/2017,,,,,,,,,,,,,
8/22/2017,,,,,,,,,,,,,
8/25/2017,,,,,,,,,,,,,
8/29/2017,,,,,,,,,,,,,
9/1/2017,,,,,,,,,,,,,
9/5/2017,,,,,,,,,,,,,
9/8/2017,,,,,,,,,,,,,
9/12/2017,,,,,,,,,,,,,
9/15/2017,,,,,,,,,,,,,
9/19/2017,,,,,,,,,,,,,
9/22/2017,,,,,,,,,,,,,
9/26/2017,,,,,,,,,,,,,
9/29/2017,,,,,,,,,,,,,
10/3/2017,,,,,,,,,,,,,
10/6/2017,,,,,,,,,,,,,
10/10/2017,,,,,,,,,,,,,
