6/7/2000,,2,4,11,15,28,16,2,7,4,13,12,14
6/10/2000,,8,13,14,23,30,6,5,1,9,7,24,2
6/14/2000,,5,13,24,35,45,10,8,11,11,10,35,5
6/17/2000,,10,12,18,30,36,6,2,6,12,6,30,4
6/21/2000,,1,2,5,23,45,11,1,3,18,22,34,10
6/24/2000,,1,4,37,45,46,16,3,33,8,1,30,15
6/28/2000,,6,12,26,36,38,27,6,14,10,2,11,21
7/1/2000,,17,25,36,38,40,15,8,11,2,2,25,2
7/5/2000,,1,3,26,40,44,26,2,23,14,4,18,25
7/8/2000,,8,23,38,40,41,23,15,15,2,1,18,15
7/12/2000,,8,11,19,26,28,16,3,8,7,2,12,8
7/15/2000,,23,30,34,43,46,13,7,4,9,3,33,10
7/19/2000,,13,23,26,39,41,14,10,3,13,2,27,1
7/22/2000,,24,27,28,42,46,18,3,1,14,4,28,6
7/26/2000,,4,12,16,27,41,1,8,4,11,14,40,3
7/29/2000,,12,13,35,44,47,17,1,22,9,3,30,5
8/2/2000,,6,9,31,39,44,24,3,22,8,5,20,18
8/5/2000,,14,19,33,41,44,9,5,14,8,3,35,5
8/9/2000,,5,16,20,21,44,17,11,4,1,23,27,12
8/12/2000,,6,8,9,14,47,20,2,1,5,33,27,14
8/16/2000,,2,16,22,31,34,10,14,6,9,3,24,8
8/19/2000,,11,17,34,36,47,1,6,17,2,11,46,10
8/23/2000,,16,32,38,43,46,8,16,6,5,3,38,8
8/26/2000,,6,7,10,20,42,13,1,3,10,22,29,7
8/30/2000,,2,6,10,27,32,9,4,4,17,5,23,7
9/2/2000,,5,7,10,12,19,15,2,3,2,7,4,10
9/6/2000,,4,30,36,43,45,15,26,6,7,2,30,11
9/9/2000,,4,6,11,29,32,11,2,5,18,3,21,7
9/13/2000,,26,35,37,39,45,6,9,2,2,6,39,20
9/16/2000,,9,13,16,22,35,23,4,3,6,13,12,14
9/20/2000,,2,6,25,30,46,18,4,19,5,16,28,16
9/23/2000,,14,15,39,46,47,21,1,24,7,1,26,7
9/27/2000,,1,5,6,9,33,22,4,1,3,24,11,21
9/30/2000,,2,5,14,15,34,2,3,9,1,19,32,0
10/4/2000,,4,6,7,15,36,7,2,1,8,21,29,3
10/7/2000,,8,14,28,31,33,7,6,14,3,2,26,1
10/11/2000,,5,7,16,19,29,26,2,9,3,10,3,21
10/14/2000,,3,10,20,28,37,20,7,10,8,9,17,17
10/18/2000,,2,4,24,30,38,24,2,20,6,8,14,22
10/21/2000,,2,14,15,36,45,8,12,1,21,9,37,6
10/25/2000,,1,14,21,33,46,9,13,7,12,13,37,8
10/28/2000,,3,16,26,27,32,24,13,10,1,5,8,21
11/1/2000,,3,20,27,34,47,15,17,7,7,13,32,12
11/4/2000,,7,15,17,30,44,13,8,2,13,14,31,6
11/8/2000,,5,24,34,35,47,22,19,10,1,12,25,17
11/11/2000,,9,24,25,29,40,4,15,1,4,11,36,5
11/15/2000,,6,9,15,24,32,9,3,6,9,8,23,3
11/18/2000,,8,16,17,39,40,18,8,1,22,1,22,10
11/22/2000,,7,12,24,26,34,23,5,12,2,8,11,16
11/25/2000,,5,7,14,19,25,4,2,7,5,6,21,1
11/29/2000,,31,34,36,37,47,26,3,2,1,10,21,5
12/2/2000,,3,21,32,36,44,4,18,11,4,8,40,1
12/6/2000,,2,19,24,26,43,11,17,5,2,17,32,9
12/9/2000,,11,22,36,42,46,4,11,14,6,4,42,7
12/13/2000,,12,15,16,29,39,23,3,1,13,10,16,11
12/16/2000,,21,38,42,44,46,24,17,4,2,2,22,3
12/20/2000,,6,9,10,11,26,22,3,1,1,15,4,16
12/23/2000,,5,30,38,41,46,15,25,8,3,5,31,10
12/27/2000,,6,11,13,18,27,19,5,2,5,9,8,13
12/30/2000,,26,27,32,44,45,27,1,5,12,1,18,1
1/3/2001,,2,7,28,30,38,6,5,21,2,8,32,4
1/6/2001,,3,4,29,30,35,13,1,25,1,5,22,10
1/10/2001,,3,14,15,19,45,19,11,1,4,26,26,16
1/13/2001,,2,12,15,24,43,9,10,3,9,19,34,7
1/17/2001,,9,14,22,25,38,25,5,8,3,13,13,16
1/20/2001,,16,23,27,28,39,19,7,4,1,11,20,3
1/24/2001,,3,5,15,32,42,4,2,10,17,10,38,1
1/27/2001,,1,3,25,30,35,24,2,22,5,5,11,23
1/31/2001,,8,23,25,26,35,13,15,2,1,9,22,5
2/3/2001,,11,12,16,29,38,4,1,4,13,9,34,7
2/7/2001,,19,30,34,41,44,9,11,4,7,3,35,10
2/10/2001,,6,17,24,36,41,1,11,7,12,5,40,5
2/14/2001,,4,36,37,42,43,1,32,1,5,1,42,3
2/17/2001,,3,16,20,25,45,19,13,4,5,20,26,16
2/21/2001,,20,23,31,33,46,25,3,8,2,13,21,5
2/24/2001,,3,8,23,29,44,1,5,15,6,15,43,2
2/28/2001,,1,3,5,41,46,9,2,2,36,5,37,8
3/3/2001,,1,8,19,33,34,23,7,11,14,1,11,22
3/7/2001,,8,17,29,32,45,11,9,12,3,13,34,3
3/10/2001,,12,24,25,28,30,16,12,1,3,2,14,4
3/14/2001,,9,11,12,20,22,23,2,1,8,2,1,14
3/17/2001,,1,6,15,20,30,17,5,9,5,10,13,16
3/21/2001,,3,10,13,33,35,18,7,3,20,2,17,15
3/24/2001,,1,4,19,43,46,15,3,15,24,3,31,14
3/28/2001,,4,6,19,20,40,10,2,13,1,20,30,6
3/31/2001,,16,22,30,37,47,22,6,8,7,10,25,6
4/4/2001,,13,24,25,33,43,16,11,1,8,10,27,3
4/7/2001,,2,4,25,39,42,4,2,21,14,3,38,2
4/11/2001,,5,7,28,30,31,8,2,21,2,1,23,3
4/14/2001,,11,12,15,19,29,25,1,3,4,10,4,14
4/18/2001,,2,12,14,35,37,13,10,2,21,2,24,11
4/21/2001,,1,7,12,25,33,3,6,5,13,8,30,2
4/25/2001,,1,14,19,21,43,8,13,5,2,22,35,7
4/28/2001,,8,14,27,32,40,23,6,13,5,8,17,15
5/2/2001,,6,10,23,30,33,13,4,13,7,3,20,7
5/5/2001,,5,12,13,36,47,9,7,1,23,11,38,4
5/9/2001,,4,14,17,30,34,23,10,3,13,4,11,19
5/12/2001,,10,14,34,43,44,14,4,20,9,1,30,4
5/16/2001,,1,3,6,9,19,14,2,3,3,10,5,13
5/19/2001,,23,28,34,36,45,9,5,6,2,9,36,14
5/23/2001,,7,12,32,39,43,8,5,20,7,4,35,1
5/26/2001,,3,10,18,22,30,26,7,8,4,8,4,23
5/30/2001,,12,13,22,32,38,21,1,9,10,6,17,9
6/2/2001,,7,19,31,44,45,9,12,12,13,1,36,2
6/6/2001,,2,13,16,41,45,20,11,3,25,4,25,18
6/9/2001,,1,6,18,33,36,2,5,12,15,3,34,1
6/13/2001,,9,13,26,32,47,6,4,13,6,15,41,3
6/16/2001,,2,5,19,29,42,17,3,14,10,13,25,15
6/20/2001,,2,8,31,32,46,13,6,23,1,14,33,11
6/23/2001,,3,22,43,44,45,8,19,21,1,1,37,5
6/27/2001,,1,5,15,37,45,16,4,10,22,8,29,15
6/30/2001,,11,21,30,41,46,16,10,9,11,5,30,5
7/4/2001,,6,16,32,33,47,1,10,16,1,14,46,5
7/7/2001,,9,18,36,38,47,14,9,18,2,9,33,5
7/11/2001,,1,8,35,39,44,16,7,27,4,5,28,15
7/14/2001,,5,19,31,35,44,12,14,12,4,9,32,7
7/18/2001,,5,26,32,33,37,5,21,6,1,4,32,0
7/21/2001,,15,20,24,27,43,20,5,4,3,16,23,5
7/25/2001,,6,32,34,39,46,18,26,2,5,7,28,12
7/28/2001,,5,13,34,36,46,2,8,21,2,10,44,3
8/1/2001,,12,22,29,37,43,7,10,7,8,6,36,5
8/4/2001,,2,9,12,30,44,18,7,3,18,14,26,16
8/8/2001,,3,5,16,19,39,14,2,11,3,20,25,11
8/11/2001,,14,16,20,41,45,24,2,4,21,4,21,10
8/15/2001,,1,18,20,45,46,5,17,2,25,1,41,4
8/18/2001,,24,26,29,35,38,23,2,3,6,3,15,1
8/22/2001,,26,28,34,37,43,23,2,6,3,6,20,3
8/25/2001,,3,4,20,40,45,26,1,16,20,5,19,23
8/29/2001,,5,16,22,26,33,22,11,6,4,7,11,17
9/1/2001,,16,21,34,41,47,17,5,13,7,6,30,1
9/5/2001,,26,27,31,43,45,3,1,4,12,2,42,23
9/8/2001,,10,11,33,39,40,25,1,22,6,1,15,15
9/12/2001,,3,9,13,24,30,12,6,4,11,6,18,9
9/15/2001,,1,4,37,38,41,15,3,33,1,3,26,14
9/19/2001,,2,14,24,44,46,10,12,10,20,2,36,8
9/22/2001,,4,16,28,35,41,17,12,12,7,6,24,13
9/26/2001,,3,14,24,26,47,6,11,10,2,21,41,3
9/29/2001,,5,9,27,38,46,8,4,18,11,8,38,3
10/3/2001,,4,38,39,40,44,17,34,1,1,4,27,13
10/6/2001,,4,16,26,32,35,2,12,10,6,3,33,2
10/10/2001,,8,11,29,43,44,10,3,18,14,1,34,2
10/13/2001,,15,18,28,36,43,6,3,10,8,7,37,9
10/17/2001,,5,8,11,21,40,17,3,3,10,19,23,12
10/20/2001,,15,29,30,46,47,24,14,1,16,1,23,9
10/24/2001,,23,32,38,41,42,27,9,6,3,1,15,4
10/27/2001,,9,10,27,28,41,14,1,17,1,13,27,5
10/31/2001,,14,28,29,31,42,3,14,1,2,11,39,11
11/3/2001,,24,32,33,36,45,18,8,1,3,9,27,6
11/7/2001,,9,32,34,43,46,22,23,2,9,3,24,13
11/10/2001,,14,19,34,37,42,26,5,15,3,5,16,12
11/14/2001,,4,14,30,38,40,19,10,16,8,2,21,15
11/17/2001,,4,14,29,31,46,1,10,15,2,15,45,3
11/21/2001,,14,15,28,39,47,22,1,13,11,8,25,8
11/24/2001,,23,24,30,36,37,20,1,6,6,1,17,3
11/28/2001,,2,18,36,43,45,16,16,18,7,2,29,14
12/1/2001,,10,16,20,43,45,20,6,4,23,2,25,10
12/5/2001,,19,20,26,34,46,22,1,6,8,12,24,3
12/8/2001,,3,10,29,30,37,20,7,19,1,7,17,17
12/12/2001,,3,15,24,30,46,8,12,9,6,16,38,5
12/15/2001,,4,25,29,36,44,18,21,4,7,8,26,14
12/19/2001,,10,16,24,32,37,22,6,8,8,5,15,12
12/22/2001,,3,9,18,26,33,9,6,9,8,7,24,6
12/26/2001,,3,9,15,26,39,6,6,6,11,13,33,3
12/29/2001,,10,12,20,28,42,1,2,8,8,14,41,9
1/2/2002,,3,4,12,17,39,3,1,8,5,22,36,0
1/5/2002,,23,28,29,38,39,11,5,1,9,1,28,12
1/9/2002,,7,10,28,29,30,21,3,18,1,1,9,14
1/12/2002,,20,24,27,28,47,15,4,3,1,19,32,5
1/16/2002,,16,19,20,28,46,24,3,1,8,18,22,8
1/19/2002,,1,7,24,44,45,23,6,17,20,1,22,22
1/23/2002,,1,14,23,24,43,3,13,9,1,19,40,2
1/26/2002,,1,21,29,35,47,16,20,8,6,12,31,15
1/30/2002,,1,21,30,33,45,21,20,9,3,12,24,20
2/2/2002,,13,17,20,41,46,2,4,3,21,5,44,11
2/6/2002,,3,32,36,42,46,24,29,4,6,4,22,21
2/9/2002,,8,22,28,37,43,6,14,6,9,6,37,2
2/13/2002,,1,4,19,28,46,4,3,15,9,18,42,3
2/16/2002,,6,11,31,32,39,20,5,20,1,7,19,14
2/20/2002,,11,17,40,46,47,25,6,23,6,1,22,14
2/23/2002,,6,27,38,39,41,27,21,11,1,2,14,21
2/27/2002,,13,26,29,37,42,7,13,3,8,5,35,6
3/2/2002,,13,28,34,43,44,11,15,6,9,1,33,2
3/6/2002,,2,3,10,27,46,16,1,7,17,19,30,14
3/9/2002,,22,24,25,26,46,19,2,1,1,20,27,3
3/13/2002,,1,10,28,30,34,10,9,18,2,4,24,9
3/16/2002,,2,8,25,42,46,8,6,17,17,4,38,6
3/20/2002,,11,14,32,33,45,9,3,18,1,12,36,2
3/23/2002,,5,12,33,41,46,27,7,21,8,5,19,22
3/27/2002,,8,12,13,30,44,8,4,1,17,14,36,0
3/30/2002,,18,28,33,39,42,12,10,5,6,3,30,6
4/3/2002,,5,14,20,25,36,1,9,6,5,11,35,4
4/6/2002,,17,24,34,38,43,21,7,10,4,5,22,4
4/10/2002,,9,12,17,24,45,17,3,5,7,21,28,8
4/13/2002,,8,13,17,19,37,25,5,4,2,18,12,17
4/17/2002,,4,8,11,13,44,9,4,3,2,31,35,5
4/20/2002,,3,10,24,29,30,22,7,14,5,1,8,19
4/24/2002,,1,15,27,28,30,16,14,12,1,2,14,15
4/27/2002,,5,14,32,40,43,11,9,18,8,3,32,6
5/1/2002,,39,40,45,46,47,11,1,5,1,1,36,28
5/4/2002,,9,10,25,26,40,8,1,15,1,14,32,1
5/8/2002,,5,21,24,33,45,22,16,3,9,12,23,17
5/11/2002,,4,14,28,40,45,24,10,14,12,5,21,20
5/15/2002,,2,7,21,30,35,22,5,14,9,5,13,20
5/18/2002,,1,2,4,16,34,10,1,2,12,18,24,9
5/22/2002,,7,9,17,35,47,9,2,8,18,12,38,2
5/25/2002,,1,5,9,30,39,11,4,4,21,9,28,10
5/29/2002,,1,4,15,30,34,23,3,11,15,4,11,22
6/1/2002,,7,23,25,33,35,15,16,2,8,2,20,8
6/5/2002,,4,6,23,44,45,1,2,17,21,1,44,3
6/8/2002,,26,38,40,41,42,11,12,2,1,1,31,15
6/12/2002,,2,7,33,35,40,4,5,26,2,5,36,2
6/15/2002,,2,11,14,33,35,15,9,3,19,2,20,13
6/19/2002,,8,10,14,17,46,8,2,4,3,29,38,0
6/22/2002,,7,25,27,40,45,14,18,2,13,5,31,7
6/26/2002,,4,8,16,26,33,21,4,8,10,7,12,17
6/29/2002,,4,5,18,23,36,13,1,13,5,13,23,9
7/3/2002,,7,14,15,26,36,13,7,1,11,10,23,6
7/6/2002,,8,10,16,21,27,16,2,6,5,6,11,8
7/10/2002,,5,11,27,28,39,20,6,16,1,11,19,15
7/13/2002,,3,13,17,27,39,20,10,4,10,12,19,17
7/17/2002,,16,24,26,30,44,10,8,2,4,14,34,6
7/20/2002,,15,18,27,31,34,21,3,9,4,3,13,6
7/24/2002,,2,18,32,44,45,3,16,14,12,1,42,1
7/27/2002,,3,11,20,42,45,3,8,9,22,3,42,0
7/31/2002,,2,4,31,32,46,21,2,27,1,14,25,19
8/3/2002,,11,20,23,35,37,26,9,3,12,2,11,15
8/7/2002,,5,16,25,34,44,3,11,9,9,10,41,2
8/10/2002,,10,29,32,41,43,11,19,3,9,2,32,1
8/14/2002,,6,12,18,24,25,5,6,6,6,1,20,1
8/17/2002,,1,3,4,11,19,1,2,1,7,8,18,0
8/21/2002,,6,10,19,38,43,21,4,9,19,5,22,15
8/24/2002,,6,9,17,27,35,24,3,8,10,8,11,18
8/28/2002,,12,15,16,24,46,12,3,1,8,22,34,0
8/31/2002,,5,6,8,18,24,7,1,2,10,6,17,2
9/4/2002,,13,14,32,34,47,13,1,18,2,13,34,0
9/7/2002,,9,15,16,36,46,16,6,1,20,10,30,7
9/11/2002,,3,5,20,29,41,26,2,15,9,12,15,23
9/14/2002,,16,20,30,43,46,22,4,10,13,3,24,6
9/18/2002,,10,18,23,27,41,22,8,5,4,14,19,12
9/21/2002,,8,32,37,38,43,25,24,5,1,5,18,17
9/25/2002,,13,17,22,24,42,19,4,5,2,18,23,6
9/28/2002,,6,21,34,35,40,7,15,13,1,5,33,1
10/2/2002,,4,16,19,27,36,7,12,3,8,9,29,3
10/5/2002,,4,12,14,28,42,7,8,2,14,14,35,3
10/9/2002,,5,18,21,33,39,11,13,3,12,6,28,6
10/12/2002,,2,3,14,18,24,23,1,11,4,6,1,21
10/16/2002,,8,11,15,25,37,27,3,4,10,12,10,19
10/19/2002,,7,8,20,22,29,10,1,12,2,7,19,3
10/23/2002,,17,22,24,25,38,18,5,2,1,13,20,1
10/26/2002,,9,13,38,42,47,26,4,25,4,5,21,17
10/30/2002,,3,11,25,35,38,18,8,14,10,3,20,15
11/2/2002,,6,9,32,43,44,23,3,23,11,1,21,17
11/6/2002,,2,5,17,22,43,10,3,12,5,21,33,8
11/9/2002,,2,13,21,22,28,9,11,8,1,6,19,7
11/13/2002,,2,11,27,36,43,9,9,16,9,7,34,7
11/16/2002,,1,8,16,29,47,27,7,8,13,18,20,26
11/20/2002,,7,10,21,41,47,4,3,11,20,6,43,3
11/23/2002,,6,8,13,27,45,14,2,5,14,18,31,8
11/27/2002,,5,8,13,20,46,3,3,5,7,26,43,2
11/30/2002,,9,25,28,39,47,1,16,3,11,8,46,8
12/4/2002,,8,24,29,36,41,13,16,5,7,5,28,5
12/7/2002,,8,19,32,39,45,8,11,13,7,6,37,0
12/11/2002,,3,17,29,32,35,14,14,12,3,3,21,11
12/14/2002,,9,22,24,30,47,13,13,2,6,17,34,4
12/18/2002,,9,18,31,39,43,20,9,13,8,4,23,11
12/21/2002,,21,29,32,33,38,2,8,3,1,5,36,19
12/25/2002,,11,22,30,41,45,1,11,8,11,4,44,10
12/28/2002,,7,9,16,24,36,5,2,7,8,12,31,2
1/1/2003,,13,15,20,32,33,10,2,5,12,1,23,3
1/4/2003,,9,23,28,41,47,7,14,5,13,6,40,2
1/8/2003,,14,16,21,38,41,14,2,5,17,3,27,0
1/11/2003,,6,21,22,40,45,10,15,1,18,5,35,4
1/15/2003,,8,17,29,35,44,1,9,12,6,9,43,7
1/18/2003,,8,18,19,24,32,20,10,1,5,8,12,12
1/22/2003,,7,9,18,23,45,12,2,9,5,22,33,5
1/25/2003,,2,4,5,20,47,26,2,1,15,27,21,24
1/29/2003,,4,6,21,36,46,11,2,15,15,10,35,7
2/1/2003,,23,28,32,41,47,26,5,4,9,6,21,3
2/5/2003,,5,14,26,30,33,5,9,12,4,3,28,0
2/8/2003,,6,10,37,38,42,4,4,27,1,4,38,2
2/12/2003,,12,26,27,38,43,18,14,1,11,5,25,6
2/15/2003,,14,15,20,35,44,26,1,5,15,9,18,12
2/19/2003,,1,5,9,29,38,25,4,4,20,9,13,24
2/22/2003,,15,24,26,32,37,18,9,2,6,5,19,3
2/26/2003,,13,23,37,38,40,9,10,14,1,2,31,4
3/1/2003,,8,12,23,25,26,1,4,11,2,1,25,7
3/5/2003,,3,5,8,24,39,19,2,3,16,15,20,16
3/8/2003,,13,15,17,29,38,2,2,2,12,9,36,11
3/12/2003,,4,5,12,18,37,23,1,7,6,19,14,19
3/15/2003,,11,33,38,42,46,26,22,5,4,4,20,15
3/19/2003,,9,17,22,30,36,13,8,5,8,6,23,4
3/22/2003,,3,4,20,33,44,24,1,16,13,11,20,21
3/26/2003,,10,11,12,19,44,20,1,1,7,25,24,10
3/29/2003,,2,4,16,31,43,11,2,12,15,12,32,9
4/2/2003,,2,6,7,8,15,14,4,1,1,7,1,12
4/5/2003,,4,13,21,35,38,16,9,8,14,3,22,12
4/9/2003,,8,14,25,27,46,14,6,11,2,19,32,6
4/12/2003,,1,2,6,27,34,23,1,4,21,7,11,22
4/16/2003,,12,14,18,31,46,7,2,4,13,15,39,5
4/19/2003,,16,21,26,32,36,20,5,5,6,4,16,4
4/23/2003,,21,33,37,44,45,22,12,4,7,1,23,1
4/26/2003,,1,9,29,31,35,3,8,20,2,4,32,2
4/30/2003,,9,12,21,26,36,27,3,9,5,10,9,18
5/3/2003,,17,19,24,35,42,20,2,5,11,7,22,3
5/7/2003,,21,26,28,35,46,13,5,2,7,11,33,8
5/10/2003,,17,20,29,38,40,4,3,9,9,2,36,13
5/14/2003,,2,7,20,42,45,26,5,13,22,3,19,24
5/17/2003,,4,11,12,15,36,10,7,1,3,21,26,6
5/21/2003,,13,14,31,42,43,6,1,17,11,1,37,7
5/24/2003,,6,18,26,28,46,17,12,8,2,18,29,11
5/28/2003,,4,5,34,38,42,23,1,29,4,4,19,19
5/31/2003,,5,21,23,27,38,24,16,2,4,11,14,19
6/4/2003,,2,5,35,43,47,12,3,30,8,4,35,10
6/7/2003,,2,3,8,23,36,9,1,5,15,13,27,7
6/11/2003,,4,7,9,19,31,6,3,2,10,12,25,2
6/14/2003,,19,20,22,41,45,18,1,2,19,4,27,1
6/18/2003,,33,36,41,42,43,14,3,5,1,1,29,19
6/21/2003,,8,11,29,40,42,6,3,18,11,2,36,2
6/25/2003,,9,17,22,25,28,10,8,5,3,3,18,1
6/28/2003,,1,5,11,13,18,22,4,6,2,5,4,21
7/2/2003,,4,9,13,38,44,13,5,4,25,6,31,9
7/5/2003,,14,16,21,30,34,10,2,5,9,4,24,4
7/9/2003,,2,5,20,23,46,15,3,15,3,23,31,13
7/12/2003,,18,23,25,37,44,25,5,2,12,7,19,7
7/16/2003,,31,35,36,42,44,24,4,1,6,2,20,7
7/19/2003,,8,18,24,38,42,22,10,6,14,4,20,14
7/23/2003,,19,20,23,26,34,12,1,3,3,8,22,7
7/26/2003,,7,18,21,22,45,9,11,3,1,23,36,2
7/30/2003,,6,12,25,26,42,7,6,13,1,16,35,1
8/2/2003,,6,20,30,35,46,20,14,10,5,11,26,14
8/6/2003,,20,26,32,34,35,24,6,6,2,1,11,4
8/9/2003,,12,19,22,31,34,7,7,3,9,3,27,5
8/13/2003,,2,19,24,31,33,19,17,5,7,2,14,17
8/16/2003,,3,15,26,27,29,23,12,11,1,2,6,20
8/20/2003,,6,7,24,31,47,10,1,17,7,16,37,4
8/23/2003,,8,18,28,41,42,21,10,10,13,1,21,13
8/27/2003,,6,13,21,40,47,9,7,8,19,7,38,3
8/30/2003,,3,25,28,46,47,12,22,3,18,1,35,9
9/3/2003,,1,16,25,27,32,12,15,9,2,5,20,11
9/6/2003,,16,20,28,31,41,19,4,8,3,10,22,3
9/10/2003,,7,20,27,34,43,6,13,7,7,9,37,1
9/13/2003,,1,3,15,35,36,23,2,12,20,1,13,22
9/17/2003,,4,7,26,38,47,23,3,19,12,9,24,19
9/20/2003,,7,25,27,40,44,17,18,2,13,4,27,10
9/24/2003,,10,21,24,32,33,9,11,3,8,1,24,1
9/27/2003,,4,13,26,31,46,26,9,13,5,15,20,22
10/1/2003,,5,18,23,24,31,13,13,5,1,7,18,8
10/4/2003,,9,15,18,37,41,14,6,3,19,4,27,5
10/8/2003,,3,5,34,35,38,11,2,29,1,3,27,8
10/11/2003,,1,2,7,28,45,18,1,5,21,17,27,17
10/15/2003,,8,14,16,24,33,8,6,2,8,9,25,0
10/18/2003,,2,5,18,25,41,2,3,13,7,16,39,0
10/22/2003,,6,9,17,29,32,12,3,8,12,3,20,6
10/25/2003,,7,18,32,43,47,10,11,14,11,4,37,3
10/29/2003,,14,28,35,39,43,14,14,7,4,4,29,0
11/1/2003,,15,18,20,29,41,8,3,2,9,12,33,7
11/5/2003,,2,16,28,33,34,27,14,12,5,1,7,25
11/8/2003,,5,13,21,35,46,5,8,8,14,11,41,0
11/12/2003,,7,11,21,25,35,1,4,10,4,10,34,6
11/15/2003,,1,6,28,29,38,24,5,22,1,9,14,23
11/19/2003,,4,11,13,16,26,20,7,2,3,10,6,16
11/22/2003,,5,12,13,25,28,15,7,1,12,3,13,10
11/26/2003,,1,11,17,19,31,10,10,6,2,12,21,9
11/29/2003,,17,18,22,39,42,1,1,4,17,3,41,16
12/3/2003,,3,18,30,32,35,23,15,12,2,3,12,20
12/6/2003,,1,12,20,38,46,5,11,8,18,8,41,4
12/10/2003,,17,20,25,37,43,11,3,5,12,6,32,6
12/13/2003,,6,20,26,36,46,27,14,6,10,10,19,21
12/17/2003,,4,18,24,33,35,27,14,6,9,2,8,23
12/20/2003,,6,21,22,35,38,20,15,1,13,3,18,14
12/24/2003,,9,10,19,30,41,24,1,9,11,11,17,15
12/27/2003,,12,14,17,34,47,26,2,3,17,13,21,14
12/31/2003,,10,12,18,23,30,2,2,6,5,7,28,8
1/3/2004,,5,9,13,16,21,4,4,4,3,5,17,1
1/7/2004,,9,28,32,40,42,2,19,4,8,2,40,7
1/10/2004,,3,6,23,28,30,19,3,17,5,2,11,16
1/14/2004,,1,2,4,34,36,22,1,2,30,2,14,21
1/17/2004,,1,3,6,16,36,19,2,3,10,20,17,18
1/21/2004,,6,7,13,15,33,12,1,6,2,18,21,6
1/24/2004,,3,9,25,33,38,18,6,16,8,5,20,15
1/28/2004,,11,14,20,26,47,26,3,6,6,21,21,15
1/31/2004,,33,35,36,45,47,13,2,1,9,2,34,20
2/4/2004,,3,9,20,26,42,23,6,11,6,16,19,20
2/7/2004,,7,9,12,24,35,12,2,3,12,11,23,5
2/11/2004,,10,22,24,28,41,5,12,2,4,13,36,5
2/14/2004,,21,22,31,36,45,10,1,9,5,9,35,11
2/18/2004,,16,25,26,29,33,1,9,1,3,4,32,15
2/21/2004,,9,13,19,20,21,9,4,6,1,1,12,0
2/25/2004,,18,22,27,28,29,2,4,5,1,1,27,16
2/28/2004,,13,28,43,44,45,15,15,15,1,1,30,2
3/3/2004,,2,17,29,44,47,5,15,12,15,3,42,3
3/6/2004,,3,7,9,29,40,11,4,2,20,11,29,8
3/10/2004,,4,20,23,29,41,5,16,3,6,12,36,1
3/13/2004,,11,23,30,35,40,18,12,7,5,5,22,7
3/17/2004,,1,3,22,36,44,18,2,19,14,8,26,17
3/20/2004,,8,22,30,33,38,20,14,8,3,5,18,12
3/24/2004,,17,21,30,36,44,20,4,9,6,8,24,3
3/27/2004,,6,9,24,40,42,26,3,15,16,2,16,20
3/31/2004,,10,36,39,44,47,14,26,3,5,3,33,4
4/3/2004,,12,13,14,17,47,20,1,1,3,30,27,8
4/7/2004,,23,35,40,45,47,3,12,5,5,2,44,20
4/10/2004,,13,22,23,29,47,11,9,1,6,18,36,2
4/14/2004,,1,6,19,45,46,27,5,13,26,1,19,26
4/17/2004,,13,15,32,33,42,5,2,17,1,9,37,8
4/21/2004,,9,13,26,31,36,17,4,13,5,5,19,8
4/24/2004,,6,10,22,36,43,20,4,12,14,7,23,14
4/28/2004,,1,14,22,34,44,15,13,8,12,10,29,14
5/1/2004,,3,20,27,34,37,11,17,7,7,3,26,8
5/5/2004,,12,22,25,42,45,4,10,3,17,3,41,8
5/8/2004,,1,5,11,28,38,5,4,6,17,10,33,4
5/12/2004,,3,11,13,16,33,11,8,2,3,17,22,8
5/15/2004,,34,35,38,39,45,26,1,3,1,6,19,8
5/19/2004,,3,7,11,17,43,20,4,4,6,26,23,17
5/22/2004,,5,7,31,36,44,2,2,24,5,8,42,3
5/26/2004,,12,20,33,38,42,6,8,13,5,4,36,6
5/29/2004,,11,21,32,40,47,25,10,11,8,7,22,14
6/2/2004,,3,14,22,35,43,15,11,8,13,8,28,12
6/5/2004,,3,11,16,42,46,5,8,5,26,4,41,2
6/9/2004,,2,13,15,21,46,4,11,2,6,25,42,2
6/12/2004,,4,18,29,31,38,20,14,11,2,7,18,16
6/16/2004,,21,28,30,33,35,6,7,2,3,2,29,15
6/19/2004,,15,21,23,27,37,11,6,2,4,10,26,4
6/23/2004,,8,12,13,14,18,18,4,1,1,4,0,10
6/26/2004,,6,29,30,41,43,15,23,1,11,2,28,9
6/30/2004,,5,23,34,45,47,4,18,11,11,2,43,1
7/3/2004,,1,7,9,24,32,15,6,2,15,8,17,14
7/7/2004,,13,14,19,21,30,15,1,5,2,9,15,2
7/10/2004,,2,6,13,25,47,12,4,7,12,22,35,10
7/14/2004,,7,29,40,44,46,2,22,11,4,2,44,5
7/17/2004,,7,11,20,30,35,4,4,9,10,5,31,3
7/21/2004,,12,14,40,41,43,12,2,26,1,2,31,0
7/24/2004,,9,15,26,30,43,20,6,11,4,13,23,11
7/28/2004,,5,12,17,34,39,5,7,5,17,5,34,0
7/31/2004,,3,33,37,42,45,17,30,4,5,3,28,14
8/4/2004,,1,24,27,35,43,12,23,3,8,8,31,11
8/7/2004,,8,11,16,22,46,16,3,5,6,24,30,8
8/11/2004,,2,13,32,34,35,20,11,19,2,1,15,18
8/14/2004,,9,23,26,28,47,13,14,3,2,19,34,4
8/18/2004,,4,23,26,28,39,5,19,3,2,11,34,1
8/21/2004,,11,16,19,20,34,18,5,3,1,14,16,7
8/25/2004,,2,12,14,30,44,17,10,2,16,14,27,15
8/28/2004,,17,18,28,33,39,19,1,10,5,6,20,2
9/1/2004,,5,9,29,36,41,13,4,20,7,5,28,8
9/4/2004,,6,14,22,25,31,7,8,8,3,6,24,1
9/8/2004,,7,10,29,35,40,21,3,19,6,5,19,14
9/11/2004,,8,11,15,29,36,14,3,4,14,7,22,6
9/15/2004,,7,22,28,30,37,11,15,6,2,7,26,4
9/18/2004,,11,22,24,31,39,22,11,2,7,8,17,11
9/22/2004,,16,18,23,34,45,14,2,5,11,11,31,2
9/25/2004,,16,26,33,35,45,6,10,7,2,10,39,10
9/29/2004,,20,22,28,42,46,14,2,6,14,4,32,6
10/2/2004,,7,13,16,37,38,14,6,3,21,1,24,7
10/6/2004,,9,18,31,42,45,26,9,13,11,3,19,17
10/9/2004,,9,17,21,35,45,6,8,4,14,10,39,3
10/13/2004,,8,11,20,22,45,18,3,9,2,23,27,10
10/16/2004,,1,28,29,40,43,20,27,1,11,3,23,19
10/20/2004,,1,10,31,45,47,17,9,21,14,2,30,16
10/23/2004,,15,17,23,33,45,15,2,6,10,12,30,0
10/27/2004,,10,14,30,38,42,22,4,16,8,4,20,12
10/30/2004,,1,16,29,35,41,9,15,13,6,6,32,8
11/3/2004,,2,14,35,37,47,7,12,21,2,10,40,5
11/6/2004,,18,22,26,38,40,9,4,4,12,2,31,9
11/10/2004,,4,5,28,34,38,9,1,23,6,4,29,5
11/13/2004,,5,10,11,14,32,6,5,1,3,18,26,1
11/17/2004,,16,23,36,44,47,10,7,13,8,3,37,6
11/20/2004,,2,8,22,39,44,16,6,14,17,5,28,14
11/24/2004,,1,3,12,28,47,9,2,9,16,19,38,8
11/27/2004,,2,21,23,36,45,9,19,2,13,9,36,7
12/1/2004,,4,5,9,20,34,23,1,4,11,14,11,19
12/4/2004,,1,15,30,39,47,19,14,15,9,8,28,18
12/8/2004,,1,6,14,33,36,10,5,8,19,3,26,9
12/11/2004,,1,5,13,18,42,12,4,8,5,24,30,11
12/15/2004,,1,7,10,28,40,2,6,3,18,12,38,1
12/18/2004,,19,21,24,35,41,21,2,3,11,6,20,2
12/22/2004,,18,20,32,34,44,12,2,12,2,10,32,6
12/25/2004,,6,10,26,30,34,26,4,16,4,4,8,20
12/29/2004,,1,5,6,17,43,5,4,1,11,26,38,4
1/1/2005,,25,34,35,41,42,18,9,1,6,1,24,7
1/5/2005,,9,11,32,41,42,2,2,21,9,1,40,7
1/8/2005,,12,15,23,32,37,18,3,8,9,5,19,6
1/12/2005,,3,17,20,28,44,21,14,3,8,16,23,18
1/15/2005,,3,7,29,30,41,10,4,22,1,11,31,7
1/19/2005,,2,9,27,30,45,13,7,18,3,15,32,11
1/22/2005,,5,10,20,36,38,4,5,10,16,2,34,1
1/26/2005,,2,3,27,28,46,24,1,24,1,18,22,22
1/29/2005,,10,19,30,41,45,9,9,11,11,4,36,1
2/2/2005,,2,9,13,20,44,27,7,4,7,24,17,25
2/5/2005,,11,29,30,34,43,13,18,1,4,9,30,2
2/9/2005,,5,6,7,17,23,23,1,1,10,6,0,18
2/12/2005,,21,30,31,37,39,5,9,1,6,2,34,16
2/16/2005,,7,12,16,26,40,21,5,4,10,14,19,14
2/19/2005,,2,5,20,22,47,11,3,15,2,25,36,9
2/23/2005,,4,10,15,23,39,26,6,5,8,16,13,22
2/26/2005,,7,9,23,30,40,5,2,14,7,10,35,2
3/2/2005,,8,10,19,21,30,27,2,9,2,9,3,19
3/5/2005,,19,26,33,38,46,1,7,7,5,8,45,18
3/9/2005,,1,12,30,38,40,2,11,18,8,2,38,1
3/12/2005,,6,7,17,38,46,4,1,10,21,8,42,2
3/16/2005,,1,2,6,38,41,27,1,4,32,3,14,26
3/19/2005,,10,16,27,41,43,21,6,11,14,2,22,11
3/23/2005,,9,23,26,31,36,10,14,3,5,5,26,1
3/26/2005,,3,11,18,41,43,6,8,7,23,2,37,3
3/30/2005,,1,22,25,36,43,17,21,3,11,7,26,16
4/2/2005,,8,13,16,19,43,6,5,3,3,24,37,2
4/6/2005,,21,22,26,29,39,16,1,4,3,10,23,5
4/9/2005,,12,15,17,19,44,18,3,2,2,25,26,6
4/13/2005,,34,38,42,43,45,19,4,4,1,2,26,15
4/16/2005,,2,19,21,23,43,2,17,2,2,20,41,0
4/20/2005,,7,13,15,28,31,9,6,2,13,3,22,2
4/23/2005,,10,11,16,22,29,25,1,5,6,7,4,15
4/27/2005,,4,6,17,29,31,8,2,11,12,2,23,4
4/30/2005,,11,15,28,36,37,15,4,13,8,1,22,4
5/4/2005,,7,16,20,44,45,18,9,4,24,1,27,11
5/7/2005,,12,14,19,43,47,19,2,5,24,4,28,7
5/11/2005,,2,5,21,25,38,11,3,16,4,13,27,9
5/14/2005,,15,16,40,42,43,16,1,24,2,1,27,1
5/18/2005,,12,16,25,31,45,20,4,9,6,14,25,8
5/21/2005,,3,8,17,18,22,2,5,9,1,4,20,1
5/25/2005,,4,15,23,26,47,23,11,8,3,21,24,19
5/28/2005,,5,19,35,38,46,13,14,16,3,8,33,8
6/1/2005,,2,8,22,29,47,22,6,14,7,18,25,20
6/4/2005,,14,15,39,42,45,11,1,24,3,3,34,3
6/8/2005,,21,24,34,40,45,26,3,10,6,5,19,5
6/11/2005,,2,7,20,39,42,5,5,13,19,3,37,3
6/15/2005,,34,40,42,44,45,12,6,2,2,1,33,22
6/18/2005,,5,25,28,36,42,8,20,3,8,6,34,3
6/22/2005,,4,6,7,34,39,9,2,1,27,5,30,5
6/25/2005,,18,25,27,31,33,19,7,2,4,2,14,1
6/29/2005,,13,23,25,30,44,10,10,2,5,14,34,3
7/2/2005,,8,9,21,31,33,11,1,12,10,2,22,3
7/6/2005,,1,5,6,18,35,15,4,1,12,17,20,14
7/9/2005,,21,23,26,27,35,12,2,3,1,8,23,9
7/13/2005,,6,8,13,30,32,9,2,5,17,2,23,3
7/16/2005,,13,17,22,31,40,6,4,5,9,9,34,7
7/20/2005,,13,24,35,37,40,20,11,11,2,3,20,7
7/23/2005,,14,15,22,29,36,5,1,7,7,7,31,9
7/27/2005,,5,8,17,21,35,21,3,9,4,14,14,16
7/30/2005,,1,3,20,34,45,27,2,17,14,11,18,26
8/3/2005,,3,12,31,39,47,7,9,19,8,8,40,4
8/6/2005,,12,29,32,35,43,1,17,3,3,8,42,11
8/10/2005,,1,13,21,32,41,7,12,8,11,9,34,6
8/13/2005,,17,25,42,44,45,24,8,17,2,1,21,7
8/17/2005,,16,19,21,31,42,9,3,2,10,11,33,7
8/20/2005,,3,8,16,22,35,17,5,8,6,13,18,14
8/24/2005,,16,21,27,38,40,23,5,6,11,2,17,7
8/27/2005,,7,18,20,22,42,9,11,2,2,20,33,2
8/31/2005,,2,8,13,23,27,15,6,5,10,4,12,13
9/3/2005,,11,15,18,35,46,18,4,3,17,11,28,7
9/7/2005,,11,24,25,26,41,17,13,1,1,15,24,6
9/10/2005,,5,11,12,19,39,10,6,1,7,20,29,5
9/14/2005,,5,13,22,35,40,20,8,9,13,5,20,15
9/17/2005,,7,10,25,28,31,23,3,15,3,3,8,16
9/21/2005,,3,30,34,37,41,18,27,4,3,4,23,15
9/24/2005,,7,13,23,28,33,2,6,10,5,5,31,5
9/28/2005,,2,17,28,37,45,5,15,11,9,8,40,3
10/1/2005,,2,19,33,35,40,8,17,14,2,5,32,6
10/5/2005,,8,13,19,22,40,17,5,6,3,18,23,9
10/8/2005,,13,27,36,43,44,7,14,9,7,1,37,6
10/12/2005,,2,25,33,39,44,11,23,8,6,5,33,9
10/15/2005,,8,30,39,42,46,8,22,9,3,4,38,0
10/19/2005,,10,12,30,34,39,19,2,18,4,5,20,9
10/22/2005,,12,18,36,39,45,5,6,18,3,6,40,7
10/26/2005,,9,10,23,33,34,22,1,13,10,1,12,13
10/29/2005,,1,11,16,29,39,13,10,5,13,10,26,12
11/2/2005,,5,13,34,40,46,6,8,21,6,6,40,1
11/5/2005,,3,14,15,27,41,17,11,1,12,14,24,14
11/9/2005,,5,7,21,30,34,24,2,14,9,4,10,19
11/12/2005,,4,10,11,12,32,13,6,1,1,20,19,9
11/16/2005,,13,15,22,30,38,20,2,7,8,8,18,7
11/19/2005,,4,5,15,32,42,2,1,10,17,10,40,2
11/23/2005,,5,7,11,24,38,19,2,4,13,14,19,14
11/26/2005,,4,17,43,44,47,21,13,26,1,3,26,17
11/30/2005,,7,16,19,32,36,24,9,3,13,4,12,17
12/3/2005,,12,19,26,30,45,6,7,7,4,15,39,6
12/7/2005,,4,5,6,31,44,21,1,1,25,13,23,17
12/10/2005,,34,38,40,44,46,18,4,2,4,2,28,16
12/14/2005,,3,15,23,32,39,27,12,8,9,7,12,24
12/17/2005,,8,10,23,36,47,20,2,13,13,11,27,12
12/21/2005,,24,30,34,37,43,27,6,4,3,6,16,3
12/24/2005,,7,22,23,26,40,25,15,1,3,14,15,18
12/28/2005,,3,4,20,39,40,3,1,16,19,1,37,0
12/31/2005,,20,28,38,42,43,27,8,10,4,1,16,7
1/4/2006,,5,15,19,20,35,20,10,4,1,15,15,15
1/7/2006,,5,17,29,32,39,3,12,12,3,7,36,2
1/11/2006,,6,24,25,36,43,17,18,1,11,7,26,11
1/14/2006,,4,23,25,36,46,13,19,2,11,10,33,9
1/18/2006,,4,7,10,16,17,24,3,3,6,1,7,20
1/21/2006,,2,17,33,41,43,5,15,16,8,2,38,3
1/25/2006,,7,14,20,21,47,24,7,6,1,26,23,17
1/28/2006,,3,9,13,27,33,13,6,4,14,6,20,10
2/1/2006,,20,24,25,27,44,6,4,1,2,17,38,14
2/4/2006,,1,3,4,21,25,3,2,1,17,4,22,2
2/8/2006,,2,3,6,9,35,1,1,3,3,26,34,1
2/11/2006,,4,12,20,32,36,10,8,8,12,4,26,6
2/15/2006,,8,10,18,31,36,15,2,8,13,5,21,7
2/18/2006,,10,13,27,43,46,23,3,14,16,3,23,13
2/22/2006,,10,16,21,25,34,1,6,5,4,9,33,9
2/25/2006,,6,21,36,39,46,3,15,15,3,7,43,3
3/1/2006,,3,16,22,31,42,18,13,6,9,11,24,15
3/4/2006,,4,8,9,21,29,12,4,1,12,8,17,8
3/8/2006,,3,16,20,30,34,13,13,4,10,4,21,10
3/11/2006,,3,11,21,29,46,5,8,10,8,17,41,2
3/15/2006,,2,10,15,27,41,2,8,5,12,14,39,0
3/18/2006,,4,20,34,35,44,22,16,14,1,9,22,18
3/22/2006,,1,2,4,6,35,17,1,2,2,29,18,16
3/25/2006,,4,21,27,34,38,25,17,6,7,4,13,21
3/29/2006,,7,21,27,32,41,3,14,6,5,9,38,4
4/1/2006,,14,19,26,36,40,20,5,7,10,4,20,6
4/5/2006,,11,27,34,39,43,21,16,7,5,4,22,10
4/8/2006,,24,29,31,34,46,26,5,2,3,12,20,2
4/12/2006,,7,31,32,36,41,18,24,1,4,5,23,11
4/15/2006,,5,13,15,20,45,8,8,2,5,25,37,3
4/19/2006,,12,19,23,34,47,19,7,4,11,13,28,7
4/22/2006,,1,13,15,18,31,15,12,2,3,13,16,14
4/26/2006,,13,24,31,33,39,27,11,7,2,6,12,14
4/29/2006,,7,12,21,43,46,16,5,9,22,3,30,9
5/3/2006,,2,9,11,27,28,27,7,2,16,1,1,25
5/6/2006,,6,20,27,37,43,22,14,7,10,6,21,16
5/10/2006,,5,6,42,44,45,15,1,36,2,1,30,10
5/13/2006,,3,8,28,40,42,11,5,20,12,2,31,8
5/17/2006,,7,26,27,35,38,14,19,1,8,3,24,7
5/20/2006,,15,23,28,38,40,18,8,5,10,2,22,3
5/24/2006,,7,15,22,41,45,11,8,7,19,4,34,4
5/27/2006,,9,14,20,24,30,26,5,6,4,6,4,17
5/31/2006,,9,15,23,39,44,2,6,8,16,5,42,7
6/3/2006,,7,10,17,19,29,20,3,7,2,10,9,13
6/7/2006,,1,11,14,30,31,12,10,3,16,1,19,11
6/10/2006,,7,19,20,31,42,13,12,1,11,11,29,6
6/14/2006,,9,12,36,38,41,5,3,24,2,3,36,4
6/17/2006,,6,9,10,22,25,4,3,1,12,3,21,2
6/21/2006,,15,22,26,27,37,23,7,4,1,10,14,8
6/24/2006,,4,20,36,41,44,13,16,16,5,3,31,9
6/28/2006,,4,10,15,17,29,22,6,5,2,12,7,18
7/1/2006,,1,17,19,32,43,25,16,2,13,11,18,24
7/5/2006,,2,9,12,20,34,16,7,3,8,14,18,14
7/8/2006,,21,31,37,41,47,11,10,6,4,6,36,10
7/12/2006,,9,16,20,32,45,8,7,4,12,13,37,1
7/15/2006,,15,27,33,34,44,20,12,6,1,10,24,5
7/19/2006,,9,15,22,36,44,13,6,7,14,8,31,4
7/22/2006,,13,18,21,46,47,23,5,3,25,1,24,10
7/26/2006,,2,10,13,18,20,21,8,3,5,2,1,19
7/29/2006,,1,16,28,32,45,3,15,12,4,13,42,2
8/2/2006,,1,2,8,16,32,10,1,6,8,16,22,9
8/5/2006,,6,19,23,35,40,20,13,4,12,5,20,14
8/9/2006,,7,10,13,19,35,12,3,3,6,16,23,5
8/12/2006,,10,12,34,37,47,8,2,22,3,10,39,2
8/16/2006,,6,10,26,32,37,3,4,16,6,5,34,3
8/19/2006,,7,23,25,34,41,27,16,2,9,7,14,20
8/23/2006,,11,14,23,28,43,18,3,9,5,15,25,7
8/26/2006,,5,10,24,26,38,23,5,14,2,12,15,18
8/30/2006,,15,19,27,31,34,2,4,8,4,3,32,13
9/2/2006,,11,15,22,42,46,6,4,7,20,4,40,5
9/6/2006,,24,41,43,44,46,22,17,2,1,2,24,2
9/9/2006,,7,10,11,12,25,15,3,1,1,13,10,8
9/13/2006,,9,10,23,26,37,27,1,13,3,11,10,18
9/16/2006,,17,24,30,31,36,12,7,6,1,5,24,5
9/20/2006,,3,22,24,32,39,22,19,2,8,7,17,19
9/23/2006,,10,14,39,42,46,1,4,25,3,4,45,9
9/27/2006,,10,16,21,28,29,3,6,5,7,1,26,7
9/30/2006,,15,20,22,27,47,18,5,2,5,20,29,3
10/4/2006,,12,15,32,43,45,11,3,17,11,2,34,1
10/7/2006,,5,15,21,29,44,4,10,6,8,15,40,1
10/11/2006,,1,4,20,29,30,17,3,16,9,1,13,16
10/14/2006,,5,12,13,35,47,14,7,1,22,12,33,9
10/18/2006,,7,15,23,27,44,19,8,8,4,17,25,12
10/21/2006,,6,10,11,27,28,4,4,1,16,1,24,2
10/25/2006,,6,11,30,39,46,16,5,19,9,7,30,10
10/28/2006,,7,14,27,35,40,15,7,13,8,5,25,8
11/1/2006,,9,10,19,25,43,12,1,9,6,18,31,3
11/4/2006,,13,26,29,31,33,9,13,3,2,2,24,4
11/8/2006,,10,13,21,30,46,6,3,8,9,16,40,4
11/11/2006,,12,20,25,35,43,17,8,5,10,8,26,5
11/15/2006,,18,20,32,34,40,7,2,12,2,6,33,11
11/18/2006,,10,25,26,35,45,23,15,1,9,10,22,13
11/22/2006,,2,14,30,40,44,10,12,16,10,4,34,8
11/25/2006,,6,9,18,20,37,10,3,9,2,17,27,4
11/29/2006,,11,12,21,30,40,10,1,9,9,10,30,1
12/2/2006,,2,17,19,30,39,12,15,2,11,9,27,10
12/6/2006,,1,4,17,36,42,24,3,13,19,6,18,23
12/9/2006,,4,6,7,17,23,16,2,1,10,6,7,12
12/13/2006,,7,12,20,25,33,7,5,8,5,8,26,0
12/16/2006,,10,14,40,42,47,21,4,26,2,5,26,11
12/20/2006,,6,12,21,26,36,10,6,9,5,10,26,4
12/23/2006,,6,17,18,30,46,2,11,1,12,16,44,4
12/27/2006,,1,21,30,39,40,4,20,9,9,1,36,3
12/30/2006,,4,13,26,27,47,21,9,13,1,20,26,17
1/3/2007,,8,15,31,42,46,6,7,16,11,4,40,2
1/6/2007,,8,27,28,33,40,15,19,1,5,7,25,7
1/10/2007,,6,10,20,42,45,21,4,10,22,3,24,15
1/13/2007,,7,16,18,29,46,19,9,2,11,17,27,12
1/17/2007,,22,24,31,33,40,22,2,7,2,7,18,0
1/20/2007,,18,19,34,38,42,17,1,15,4,4,25,1
1/24/2007,,3,10,33,36,43,10,7,23,3,7,33,7
1/27/2007,,11,13,18,21,36,16,2,5,3,15,20,5
1/31/2007,,7,14,17,18,32,21,7,3,1,14,11,14
2/3/2007,,7,21,32,37,46,25,14,11,5,9,21,18
2/7/2007,,18,20,31,32,33,4,2,11,1,1,29,14
2/10/2007,,24,26,30,32,45,26,2,4,2,13,19,2
2/14/2007,,12,15,37,39,47,5,3,22,2,8,42,7
2/17/2007,,1,21,39,45,46,9,20,18,6,1,37,8
2/21/2007,,31,32,36,39,46,18,1,4,3,7,28,13
2/24/2007,,13,19,24,28,37,26,6,5,4,9,11,13
2/28/2007,,3,9,13,26,42,2,6,4,13,16,40,1
3/3/2007,,1,15,21,28,34,14,14,6,7,6,20,13
3/7/2007,,5,25,26,39,41,25,20,1,13,2,16,20
3/10/2007,,3,6,8,17,32,2,3,2,9,15,30,1
3/14/2007,,4,15,17,20,35,23,11,2,3,15,12,19
3/17/2007,,6,17,27,36,41,3,11,10,9,5,38,3
3/21/2007,,10,15,23,30,38,3,5,8,7,8,35,7
3/24/2007,,9,16,29,43,46,14,7,13,14,3,32,5
3/28/2007,,8,11,26,36,41,25,3,15,10,5,16,17
3/31/2007,,3,7,18,33,40,2,4,11,15,7,38,1
4/4/2007,,17,18,22,26,35,10,1,4,4,9,25,7
4/7/2007,,6,15,25,39,47,17,9,10,14,8,30,11
4/11/2007,,5,13,19,27,33,19,8,6,8,6,14,14
4/14/2007,,4,27,29,34,38,16,23,2,5,4,22,12
4/18/2007,,2,5,14,34,36,9,3,9,20,2,27,7
4/21/2007,,2,12,20,36,46,15,10,8,16,10,31,13
4/25/2007,,13,14,26,36,40,2,1,12,10,4,38,11
4/28/2007,,6,14,16,24,41,10,8,2,8,17,31,4
5/2/2007,,3,5,12,20,24,6,2,7,8,4,18,3
5/5/2007,,1,16,18,34,38,17,15,2,16,4,21,16
5/9/2007,,16,17,24,25,46,10,1,7,1,21,36,6
5/12/2007,,7,9,24,38,42,16,2,15,14,4,26,9
5/16/2007,,5,8,24,33,44,5,3,16,9,11,39,0
5/19/2007,,2,17,25,39,43,8,15,8,14,4,35,6
5/23/2007,,4,15,20,32,40,2,11,5,12,8,38,2
5/26/2007,,1,3,17,25,44,17,2,14,8,19,27,16
5/30/2007,,4,21,26,35,37,24,17,5,9,2,13,20
6/2/2007,,11,17,18,27,43,18,6,1,9,16,25,7
6/6/2007,,8,16,17,27,31,6,8,1,10,4,25,2
6/9/2007,,17,23,28,33,45,20,6,5,5,12,25,3
6/13/2007,,1,11,15,17,33,3,10,4,2,16,30,2
6/16/2007,,4,24,35,36,38,26,20,11,1,2,12,22
6/20/2007,,10,15,23,24,29,19,5,8,1,5,10,9
6/23/2007,,2,28,29,31,35,18,26,1,2,4,17,16
6/27/2007,,2,21,31,38,44,4,19,10,7,6,40,2
6/30/2007,,1,2,15,30,37,1,1,13,15,7,36,0
7/4/2007,,15,22,25,32,35,22,7,3,7,3,13,7
7/7/2007,,6,34,35,36,39,13,28,1,1,3,26,7
7/11/2007,,22,23,28,32,39,14,1,5,4,7,25,8
7/14/2007,,3,5,18,33,35,1,2,13,15,2,34,2
7/18/2007,,1,16,24,41,42,12,15,8,17,1,30,11
7/21/2007,,3,19,23,36,39,8,16,4,13,3,31,5
7/25/2007,,12,19,27,43,44,20,7,8,16,1,24,8
7/28/2007,,4,9,11,15,25,18,5,2,4,10,7,14
8/1/2007,,19,20,28,32,47,27,1,8,4,15,20,8
8/4/2007,,2,33,36,39,46,7,31,3,3,7,39,5
8/8/2007,,6,10,11,15,21,27,4,1,4,6,6,21
8/11/2007,,2,8,16,23,42,7,6,8,7,19,35,5
8/15/2007,,1,18,24,25,37,4,17,6,1,12,33,3
8/18/2007,,24,34,37,39,40,12,10,3,2,1,28,12
8/22/2007,,15,18,24,25,45,12,3,6,1,20,33,3
8/25/2007,,21,27,29,38,40,11,6,2,9,2,29,10
8/29/2007,,17,18,19,31,33,16,1,1,12,2,17,1
9/1/2007,,5,14,22,39,47,10,9,8,17,8,37,5
9/5/2007,,6,13,15,34,41,20,7,2,19,7,21,14
9/8/2007,,21,30,34,37,39,5,9,4,3,2,34,16
9/12/2007,,7,23,24,30,45,5,16,1,6,15,40,2
9/15/2007,,2,10,20,26,46,16,8,10,6,20,30,14
9/19/2007,,9,12,21,33,42,17,3,9,12,9,25,8
9/22/2007,,8,11,13,15,19,27,3,2,2,4,8,19
9/26/2007,,4,14,16,40,42,23,10,2,24,2,19,19
9/29/2007,,15,21,30,37,39,20,6,9,7,2,19,5
10/3/2007,,7,13,27,31,41,19,6,14,4,10,22,12
10/6/2007,,19,27,31,44,47,22,8,4,13,3,25,3
10/10/2007,,3,5,11,26,43,5,2,6,15,17,38,2
10/13/2007,,9,17,18,25,34,22,8,1,7,9,12,13
10/17/2007,,2,4,29,32,47,26,2,25,3,15,21,24
10/20/2007,,7,16,18,20,35,19,9,2,2,15,16,12
10/24/2007,,8,11,18,37,46,15,3,7,19,9,31,7
10/27/2007,,8,9,13,22,24,26,1,4,9,2,2,18
10/31/2007,,5,9,10,20,25,5,4,1,10,5,20,0
11/3/2007,,12,13,14,16,31,15,1,1,2,15,16,3
11/7/2007,,15,33,38,44,45,4,18,5,6,1,41,11
11/10/2007,,14,31,39,45,47,27,17,8,6,2,20,13
11/14/2007,,1,14,21,35,36,7,13,7,14,1,29,6
11/17/2007,,7,20,26,31,47,10,13,6,5,16,37,3
11/21/2007,,3,30,36,38,43,26,27,6,2,5,17,23
11/24/2007,,8,12,21,31,39,25,4,9,10,8,14,17
11/28/2007,,14,23,33,38,40,27,9,10,5,2,13,13
12/1/2007,,6,15,18,24,35,21,9,3,6,11,14,15
12/5/2007,,2,9,16,25,36,11,7,7,9,11,25,9
12/8/2007,,5,10,13,33,34,22,5,3,20,1,12,17
12/12/2007,,17,18,26,31,38,19,1,8,5,7,19,2
12/15/2007,,16,21,26,39,42,14,5,5,13,3,28,2
12/19/2007,,2,3,7,14,38,20,1,4,7,24,18,18
12/22/2007,,14,27,30,44,46,3,13,3,14,2,43,11
12/26/2007,,2,6,16,33,35,5,4,10,17,2,30,3
12/29/2007,,12,26,27,28,29,24,14,1,1,1,5,12
1/2/2008,,5,14,22,24,30,25,9,8,2,6,5,20
1/5/2008,,3,15,18,40,41,4,12,3,22,1,37,1
1/9/2008,,14,36,37,41,45,26,22,1,4,4,19,12
1/12/2008,,1,10,23,41,43,8,9,13,18,2,35,7
1/16/2008,,9,15,34,39,40,10,6,19,5,1,30,1
1/19/2008,,7,18,22,30,43,5,11,4,8,13,38,2
1/23/2008,,21,25,28,34,42,10,4,3,6,8,32,11
1/26/2008,,2,23,29,32,42,20,21,6,3,10,22,18
1/30/2008,,10,18,28,40,47,22,8,10,12,7,25,12
2/2/2008,,10,11,16,35,43,9,1,5,19,8,34,1
2/6/2008,,2,20,30,31,46,27,18,10,1,15,19,25
2/9/2008,,23,30,34,39,41,1,7,4,5,2,40,22
2/13/2008,,2,19,23,45,46,16,17,4,22,1,30,14
2/16/2008,,22,25,33,41,45,9,3,8,8,4,36,13
2/20/2008,,2,6,17,41,45,1,4,11,24,4,44,1
2/23/2008,,2,25,33,35,41,10,23,8,2,6,31,8
2/27/2008,,15,22,23,40,42,15,7,1,17,2,27,0
3/1/2008,,17,22,35,36,47,25,5,13,1,11,22,8
3/5/2008,,4,10,20,34,47,19,6,10,14,13,28,15
3/8/2008,,14,17,18,19,41,26,3,1,1,22,15,12
3/12/2008,,10,16,19,21,39,15,6,3,2,18,24,5
3/15/2008,,4,11,22,29,31,12,7,11,7,2,19,8
3/19/2008,,14,15,23,31,40,7,1,8,8,9,33,7
3/22/2008,,4,5,16,43,47,20,1,11,27,4,27,16
3/26/2008,,8,9,10,28,35,9,1,1,18,7,26,1
3/29/2008,,1,11,18,19,34,13,10,7,1,15,21,12
4/2/2008,,5,7,21,29,43,22,2,14,8,14,21,17
4/5/2008,,2,6,7,24,31,3,4,1,17,7,28,1
4/9/2008,,5,17,23,42,43,19,12,6,19,1,24,14
4/12/2008,,15,19,20,34,40,17,4,1,14,6,23,2
4/16/2008,,5,13,14,27,37,9,8,1,13,10,28,4
4/19/2008,,3,5,6,19,25,20,2,1,13,6,5,17
4/23/2008,,6,21,22,34,38,14,15,1,12,4,24,8
4/26/2008,,4,12,17,20,31,20,8,5,3,11,11,16
4/30/2008,,13,14,34,35,40,16,1,20,1,5,24,3
5/3/2008,,8,10,22,33,44,10,2,12,11,11,34,2
5/7/2008,,17,26,35,42,45,4,9,9,7,3,41,13
5/10/2008,,11,20,24,25,33,23,9,4,1,8,10,12
5/14/2008,,7,19,29,37,43,22,12,10,8,6,21,15
5/17/2008,,13,24,35,41,46,5,11,11,6,5,41,8
5/21/2008,,1,13,20,30,44,20,12,7,10,14,24,19
5/24/2008,,2,4,19,31,42,12,2,15,12,11,30,10
5/28/2008,,3,4,10,28,39,26,1,6,18,11,13,23
5/31/2008,,6,8,11,25,29,4,2,3,14,4,25,2
6/4/2008,,7,22,25,33,44,3,15,3,8,11,41,4
6/7/2008,,4,23,29,33,44,5,19,6,4,11,39,1
6/11/2008,,14,30,31,39,42,15,16,1,8,3,27,1
6/14/2008,,7,9,26,28,37,18,2,17,2,9,19,11
6/18/2008,,11,20,27,30,44,13,9,7,3,14,31,2
6/21/2008,,10,29,30,33,41,18,19,1,3,8,23,8
6/25/2008,,5,17,30,41,44,14,12,13,11,3,30,9
6/28/2008,,10,14,17,29,41,26,4,3,12,12,15,16
7/2/2008,,20,21,33,40,44,2,1,12,7,4,42,18
7/5/2008,,7,22,27,28,32,20,15,5,1,4,12,13
7/9/2008,,2,13,41,44,46,26,11,28,3,2,20,24
7/12/2008,,19,20,28,32,47,22,1,8,4,15,25,3
7/16/2008,,10,12,19,22,35,16,2,7,3,13,19,6
7/19/2008,,10,29,33,40,41,19,19,4,7,1,22,9
7/23/2008,,2,6,9,33,36,20,4,3,24,3,16,18
7/26/2008,,7,9,14,28,41,11,2,5,14,13,30,4
7/30/2008,,3,11,12,25,29,21,8,1,13,4,8,18
8/2/2008,,1,3,6,12,47,22,2,3,6,35,25,21
8/6/2008,,6,11,17,38,41,25,5,6,21,3,16,19
8/9/2008,,9,11,14,24,39,17,2,3,10,15,22,8
8/13/2008,,8,12,23,32,39,25,4,11,9,7,14,17
8/16/2008,,6,16,25,26,36,19,10,9,1,10,17,13
8/20/2008,,3,8,10,30,37,13,5,2,20,7,24,10
8/23/2008,,13,22,29,43,47,4,9,7,14,4,43,9
8/27/2008,,10,18,20,36,42,25,8,2,16,6,17,15
8/30/2008,,2,4,13,20,41,22,2,9,7,21,19,20
9/3/2008,,5,7,11,20,22,11,2,4,9,2,11,6
9/6/2008,,6,7,34,35,47,23,1,27,1,12,24,17
9/10/2008,,7,25,27,32,36,12,18,2,5,4,24,5
9/13/2008,,6,13,19,21,41,16,7,6,2,20,25,10
9/17/2008,,19,26,27,40,47,21,7,1,13,7,26,2
9/20/2008,,12,23,33,37,44,5,11,10,4,7,39,7
9/24/2008,,1,6,20,40,41,18,5,14,20,1,23,17
9/27/2008,,4,7,21,31,32,26,3,14,10,1,6,22
10/1/2008,,5,13,15,20,36,24,8,2,5,16,12,19
10/4/2008,,8,15,25,33,42,23,7,10,8,9,19,15
10/8/2008,,6,13,17,18,25,9,7,4,1,7,16,3
10/11/2008,,25,30,33,37,38,1,5,3,4,1,37,24
10/15/2008,,7,10,23,24,40,26,3,13,1,16,14,19
10/18/2008,,9,11,27,36,39,10,2,16,9,3,29,1
10/22/2008,,13,15,26,27,36,10,2,11,1,9,26,3
10/25/2008,,3,24,25,43,45,20,21,1,18,2,25,17
10/29/2008,,3,20,28,29,41,14,17,8,1,12,27,11
11/1/2008,,3,11,28,30,38,12,8,17,2,8,26,9
11/5/2008,,10,26,31,32,40,23,16,5,1,8,17,13
11/8/2008,,7,16,35,40,47,24,9,19,5,7,23,17
11/12/2008,,2,22,37,42,45,19,20,15,5,3,26,17
11/15/2008,,8,18,27,29,39,23,10,9,2,10,16,15
11/19/2008,,13,17,18,20,46,6,4,1,2,26,40,7
11/22/2008,,1,12,17,20,21,25,11,5,3,1,4,24
11/26/2008,,6,7,37,41,47,13,1,30,4,6,34,7
11/29/2008,,4,6,21,32,36,3,2,15,11,4,33,1
12/3/2008,,14,15,19,25,34,8,1,4,6,9,26,6
12/6/2008,,15,26,29,37,45,22,11,3,8,8,23,7
12/10/2008,,30,33,38,46,47,11,3,5,8,1,36,19
12/13/2008,,20,22,25,32,45,12,2,3,7,13,33,8
12/17/2008,,20,34,41,42,46,26,14,7,1,4,20,6
12/20/2008,,10,15,16,46,47,22,5,1,30,1,25,12
12/24/2008,,7,10,23,26,40,26,3,13,3,14,14,19
12/27/2008,,14,19,22,32,38,1,5,3,10,6,37,13
12/31/2008,,3,13,29,40,42,9,10,16,11,2,33,6
1/3/2009,,5,14,37,44,47,25,9,23,7,3,22,20
1/7/2009,,17,30,35,40,41,2,13,5,5,1,39,15
1/10/2009,,25,29,30,31,38,25,4,1,1,7,13,0
1/14/2009,,1,19,39,44,45,8,18,20,5,1,37,7
1/17/2009,,8,17,20,26,38,19,9,3,6,12,19,11
1/21/2009,,6,15,21,29,37,10,9,6,8,8,27,4
1/24/2009,,5,22,25,29,35,7,17,3,4,6,28,2
1/28/2009,,8,13,21,26,41,20,5,8,5,15,21,12
1/31/2009,,4,34,35,38,43,17,30,1,3,5,26,13
2/4/2009,,4,23,33,35,45,14,19,10,2,10,31,10
2/7/2009,,14,23,24,25,44,18,9,1,1,19,26,4
2/11/2009,,4,11,15,23,34,26,7,4,8,11,8,22
2/14/2009,,15,26,29,40,42,25,11,3,11,2,17,10
2/18/2009,,1,6,10,23,40,18,5,4,13,17,22,17
2/21/2009,,25,27,30,32,38,2,2,3,2,6,36,23
2/25/2009,,1,13,19,23,25,12,12,6,4,2,13,11
2/28/2009,,8,16,21,28,29,1,8,5,7,1,28,7
3/4/2009,,5,6,12,24,44,12,1,6,12,20,32,7
3/7/2009,,17,34,39,40,46,4,17,5,1,6,42,13
3/11/2009,,8,15,34,38,47,2,7,19,4,9,45,6
3/14/2009,,22,31,36,43,45,16,9,5,7,2,29,6
3/18/2009,,26,37,38,44,45,9,11,1,6,1,36,17
3/21/2009,,7,28,34,38,45,6,21,6,4,7,39,1
3/25/2009,,3,7,23,31,36,16,4,16,8,5,20,13
3/28/2009,,12,14,27,29,30,27,2,13,2,1,3,15
4/1/2009,,4,7,17,31,33,1,3,10,14,2,32,3
4/4/2009,,8,18,21,41,46,24,10,3,20,5,22,16
4/8/2009,,12,18,19,21,30,4,6,1,2,9,26,8
4/11/2009,,2,4,12,34,46,16,2,8,22,12,30,14
4/15/2009,,7,18,34,35,43,25,11,16,1,8,18,18
4/18/2009,,13,18,29,35,41,19,5,11,6,6,22,6
4/22/2009,,5,6,20,36,44,18,1,14,16,8,26,13
4/25/2009,,6,26,36,40,46,19,20,10,4,6,27,13
4/29/2009,,2,5,8,21,32,20,3,3,13,11,12,18
5/2/2009,,1,20,29,34,38,27,19,9,5,4,11,26
5/6/2009,,23,24,26,28,29,11,1,2,2,1,18,12
5/9/2009,,6,7,26,42,43,1,1,19,16,1,42,5
5/13/2009,,11,15,26,32,42,18,4,11,6,10,24,7
5/16/2009,,5,19,27,36,42,27,14,8,9,6,15,22
5/20/2009,,2,6,27,35,36,1,4,21,8,1,35,1
5/23/2009,,7,15,23,38,39,21,8,8,15,1,18,14
5/27/2009,,5,7,8,14,35,26,2,1,6,21,9,21
5/30/2009,,22,23,31,39,47,3,1,8,8,8,44,19
6/3/2009,,3,12,18,36,43,15,9,6,18,7,28,12
6/6/2009,,12,29,31,37,47,3,17,2,6,10,44,9
6/10/2009,,9,11,20,30,36,11,2,9,10,6,25,2
6/13/2009,,6,11,29,31,44,1,5,18,2,13,43,5
6/17/2009,,16,21,24,30,44,6,5,3,6,14,38,10
6/20/2009,,16,23,35,40,41,12,7,12,5,1,29,4
6/24/2009,,3,13,18,23,37,25,10,5,5,14,12,22
6/27/2009,,7,15,25,27,42,24,8,10,2,15,18,17
7/1/2009,,10,15,17,37,38,17,5,2,20,1,21,7
7/4/2009,,1,6,11,17,33,13,5,5,6,16,20,12
7/8/2009,,3,8,18,22,31,2,5,10,4,9,29,1
7/11/2009,,12,18,21,24,28,26,6,3,3,4,2,14
7/15/2009,,1,3,6,25,41,10,2,3,19,16,31,9
7/18/2009,,10,23,24,34,40,20,13,1,10,6,20,10
7/22/2009,,26,31,32,43,45,18,5,1,11,2,27,8
7/25/2009,,4,12,20,36,47,13,8,8,16,11,34,9
7/29/2009,,8,12,19,25,39,17,4,7,6,14,22,9
8/1/2009,,6,13,18,26,39,24,7,5,8,13,15,18
8/5/2009,,22,23,27,28,41,17,1,4,1,13,24,5
8/8/2009,,23,31,40,44,46,10,8,9,4,2,36,13
8/12/2009,,5,8,29,36,47,23,3,21,7,11,24,18
8/15/2009,,7,9,25,29,47,24,2,16,4,18,23,17
8/19/2009,,20,25,29,35,41,25,5,4,6,6,16,5
8/22/2009,,5,6,16,26,32,22,1,10,10,6,10,17
8/26/2009,,6,7,18,36,42,23,1,11,18,6,19,17
8/29/2009,,6,13,14,36,37,12,7,1,22,1,25,6
9/2/2009,,9,13,27,41,42,27,4,14,14,1,15,18
9/5/2009,,2,5,17,25,33,18,3,12,8,8,15,16
9/9/2009,,2,27,37,41,47,26,25,10,4,6,21,24
9/12/2009,,5,24,30,41,47,15,19,6,11,6,32,10
9/16/2009,,5,17,18,22,28,10,12,1,4,6,18,5
9/19/2009,,6,17,33,44,46,18,11,16,11,2,28,12
9/23/2009,,1,4,22,41,42,13,3,18,19,1,29,12
9/26/2009,,7,13,34,39,47,3,6,21,5,8,44,4
9/30/2009,,4,18,20,23,39,14,14,2,3,16,25,10
10/3/2009,,13,25,29,45,46,5,12,4,16,1,41,8
10/7/2009,,1,8,18,26,44,4,7,10,8,18,40,3
10/10/2009,,2,6,11,16,43,12,4,5,5,27,31,10
10/14/2009,,12,13,26,30,38,24,1,13,4,8,14,12
10/17/2009,,3,6,8,36,47,13,3,2,28,11,34,10
10/21/2009,,22,30,33,43,47,25,8,3,10,4,22,3
10/24/2009,,1,10,11,26,32,10,9,1,15,6,22,9
10/28/2009,,19,27,31,33,38,1,8,4,2,5,37,18
10/31/2009,,6,10,15,18,23,22,4,5,3,5,1,16
11/4/2009,,1,12,29,38,39,19,11,17,9,1,20,18
11/7/2009,,6,10,34,39,44,1,4,24,5,5,43,5
11/11/2009,,4,6,15,24,28,27,2,9,9,4,1,23
11/14/2009,,15,33,37,38,47,16,18,4,1,9,31,1
11/18/2009,,6,10,12,24,45,10,4,2,12,21,35,4
11/21/2009,,28,30,34,35,43,2,2,4,1,8,41,26
11/25/2009,,1,10,13,14,47,20,9,3,1,33,27,19
11/28/2009,,12,17,26,33,42,20,5,9,7,9,22,8
12/2/2009,,16,22,31,33,42,19,6,9,2,9,23,3
12/5/2009,,5,29,30,42,44,20,24,1,12,2,24,15
12/9/2009,,5,14,27,30,44,17,9,13,3,14,27,12
12/12/2009,,3,5,6,30,32,17,2,1,24,2,15,14
12/16/2009,,13,18,19,31,41,12,5,1,12,10,29,1
12/19/2009,,19,30,37,40,44,6,11,7,3,4,38,13
12/23/2009,,8,14,18,28,29,2,6,4,10,1,27,6
12/26/2009,,8,19,20,21,41,3,11,1,1,20,38,5
12/30/2009,,10,13,14,21,42,15,3,1,7,21,27,5
1/2/2010,,4,9,19,24,41,9,5,10,5,17,32,5
1/6/2010,,2,4,17,45,47,1,2,13,28,2,46,1
1/9/2010,,7,13,29,36,40,22,6,16,7,4,18,15
1/13/2010,,10,14,23,34,39,25,4,9,11,5,14,15
1/16/2010,,26,29,33,42,44,22,3,4,9,2,22,4
1/20/2010,,7,11,15,31,45,3,4,4,16,14,42,4
1/23/2010,,6,25,35,39,45,23,19,10,4,6,22,17
1/27/2010,,2,17,40,44,46,11,15,23,4,2,35,9
1/30/2010,,4,12,14,44,47,18,8,2,30,3,29,14
2/3/2010,,13,14,29,39,43,26,1,15,10,4,17,13
2/6/2010,,19,29,36,37,41,20,10,7,1,4,21,1
2/10/2010,,19,21,26,30,42,25,2,5,4,12,17,6
2/13/2010,,1,7,11,39,46,11,6,4,28,7,35,10
2/17/2010,,11,21,23,29,41,9,10,2,6,12,32,2
2/20/2010,,19,20,21,24,45,13,1,1,3,21,32,6
2/24/2010,,1,2,14,44,45,25,1,12,30,1,20,24
2/27/2010,,5,9,14,39,47,27,4,5,25,8,20,22
3/3/2010,,1,3,16,38,47,21,2,13,22,9,26,20
3/6/2010,,19,22,33,41,42,17,3,11,8,1,25,2
3/10/2010,,5,8,33,38,47,25,3,25,5,9,22,20
3/13/2010,,9,15,20,24,43,2,6,5,4,19,41,7
3/17/2010,,11,30,34,40,42,1,19,4,6,2,41,10
3/20/2010,,14,27,35,36,37,5,13,8,1,1,32,9
3/24/2010,,13,20,25,29,39,21,7,5,4,10,18,8
3/27/2010,,11,16,29,41,46,11,5,13,12,5,35,0
3/31/2010,,17,23,36,38,46,18,6,13,2,8,28,1
4/3/2010,,1,12,18,22,42,18,11,6,4,20,24,17
4/7/2010,,9,21,23,30,36,10,12,2,7,6,26,1
4/10/2010,,22,25,31,40,42,16,3,6,9,2,26,6
4/14/2010,,16,34,37,44,47,22,18,3,7,3,25,6
4/17/2010,,7,9,17,31,47,16,2,8,14,16,31,9
4/21/2010,,19,24,34,35,42,23,5,10,1,7,19,4
4/24/2010,,6,15,25,27,39,17,9,10,2,12,22,11
4/28/2010,,1,9,15,16,29,9,8,6,1,13,20,8
5/1/2010,,3,5,24,25,41,7,2,19,1,16,34,4
5/5/2010,,10,30,31,34,42,2,20,1,3,8,40,8
5/8/2010,,4,18,19,43,47,5,14,1,24,4,42,1
5/12/2010,,4,7,10,25,32,22,3,3,15,7,10,18
5/15/2010,,3,9,12,13,38,26,6,3,1,25,12,23
5/19/2010,,4,8,32,34,43,14,4,24,2,9,29,10
5/22/2010,,9,12,22,30,46,24,3,10,8,16,22,15
5/26/2010,,1,7,14,17,20,27,6,7,3,3,7,26
5/29/2010,,13,17,29,34,38,4,4,12,5,4,34,9
6/2/2010,,7,8,11,15,31,27,1,3,4,16,4,20
6/5/2010,,4,11,28,34,42,26,7,17,6,8,16,22
6/9/2010,,4,6,8,36,41,17,2,2,28,5,24,13
6/12/2010,,3,22,24,32,35,7,19,2,8,3,28,4
6/16/2010,,17,21,26,37,42,11,4,5,11,5,31,6
6/19/2010,,10,22,35,40,47,26,12,13,5,7,21,16
6/23/2010,,13,23,33,34,38,4,10,10,1,4,34,9
6/26/2010,,5,9,14,26,29,25,4,5,12,3,4,20
6/30/2010,,2,9,10,39,46,19,7,1,29,7,27,17
7/3/2010,,9,13,25,29,32,9,4,12,4,3,23,0
7/7/2010,,2,6,9,10,21,24,4,3,1,11,3,22
7/10/2010,,13,21,23,26,33,11,8,2,3,7,22,2
7/14/2010,,9,10,15,27,47,6,1,5,12,20,41,3
7/17/2010,,12,16,18,20,24,7,4,2,2,4,17,5
7/21/2010,,1,15,17,43,45,23,14,2,26,2,22,22
7/24/2010,,9,13,15,18,25,12,4,2,3,7,13,3
7/28/2010,,19,25,26,27,33,9,6,1,1,6,24,10
7/31/2010,,6,13,37,43,47,15,7,24,6,4,32,9
8/4/2010,,5,9,24,27,37,8,4,15,3,10,29,3
8/7/2010,,8,9,36,38,45,17,1,27,2,7,28,9
8/11/2010,,13,17,20,23,26,15,4,3,3,3,11,2
8/14/2010,,8,12,24,36,40,12,4,12,12,4,28,4
8/18/2010,,18,21,28,43,47,9,3,7,15,4,38,9
8/21/2010,,13,16,21,23,31,15,3,5,2,8,16,2
8/25/2010,,6,21,22,30,38,26,15,1,8,8,12,20
8/28/2010,,11,20,36,39,41,3,9,16,3,2,38,8
9/1/2010,,5,16,24,32,33,3,11,8,8,1,30,2
9/4/2010,,12,15,21,30,45,23,3,6,9,15,22,11
9/8/2010,,1,8,17,32,38,10,7,9,15,6,28,9
9/11/2010,,2,10,31,35,45,24,8,21,4,10,21,22
9/15/2010,,4,6,22,26,43,14,2,16,4,17,29,10
9/18/2010,,10,11,27,42,45,9,1,16,15,3,36,1
9/22/2010,,11,17,27,34,44,1,6,10,7,10,43,10
9/25/2010,,2,13,36,41,44,20,11,23,5,3,24,18
9/29/2010,,27,33,35,45,46,26,6,2,10,1,20,1
10/2/2010,,20,24,25,32,34,11,4,1,7,2,23,9
10/6/2010,,3,4,7,29,39,21,1,3,22,10,18,18
10/9/2010,,8,11,17,31,35,7,3,6,14,4,28,1
10/13/2010,,1,10,23,25,47,9,9,13,2,22,38,8
10/16/2010,,8,9,19,30,33,1,1,10,11,3,32,7
10/20/2010,,11,24,27,36,43,9,13,3,9,7,34,2
10/23/2010,,3,13,15,16,25,11,10,2,1,9,14,8
10/27/2010,,3,8,13,15,36,22,5,5,2,21,14,19
10/30/2010,,9,25,30,31,46,7,16,5,1,15,39,2
11/3/2010,,6,9,18,23,37,27,3,9,5,14,10,21
11/6/2010,,10,15,27,44,45,15,5,12,17,1,30,5
11/10/2010,,10,27,38,39,46,10,17,11,1,7,36,0
11/13/2010,,4,10,30,31,41,21,6,20,1,10,20,17
11/17/2010,,6,12,36,41,46,22,6,24,5,5,24,16
11/20/2010,,11,30,35,46,47,15,19,5,11,1,32,4
11/24/2010,,15,22,41,43,44,14,7,19,2,1,30,1
11/27/2010,,7,17,18,24,37,5,10,1,6,13,32,2
12/1/2010,,19,23,24,33,35,23,4,1,9,2,12,4
12/4/2010,,8,28,32,37,44,24,20,4,5,7,20,16
12/8/2010,,3,9,12,20,38,17,6,3,8,18,21,14
12/11/2010,,3,4,22,32,44,8,1,18,10,12,36,5
12/15/2010,,6,8,14,23,26,4,2,6,9,3,22,2
12/18/2010,,10,11,12,25,33,21,1,1,13,8,12,11
12/22/2010,,3,18,21,22,42,15,15,3,1,20,27,12
12/25/2010,,1,20,25,41,42,25,19,5,16,1,17,24
12/29/2010,,7,33,37,43,46,10,26,4,6,3,36,3
1/1/2011,,5,9,19,32,34,14,4,10,13,2,20,9
1/5/2011,,12,26,31,38,41,23,14,5,7,3,18,11
1/8/2011,,8,10,13,19,38,22,2,3,6,19,16,14
1/12/2011,,11,21,26,27,44,21,10,5,1,17,23,10
1/15/2011,,15,28,29,41,45,17,13,1,12,4,28,2
1/19/2011,,6,7,16,27,39,3,1,9,11,12,36,3
1/22/2011,,2,19,24,35,45,12,17,5,11,10,33,10
1/26/2011,,11,18,21,27,47,13,7,3,6,20,34,2
1/29/2011,,20,25,41,43,45,3,5,16,2,2,42,17
2/2/2011,,4,20,21,24,47,6,16,1,3,23,41,2
2/5/2011,,7,9,12,34,44,2,2,3,22,10,42,5
2/9/2011,,6,7,8,17,41,7,1,1,9,24,34,1
2/12/2011,,11,30,31,33,42,8,19,1,2,9,34,3
2/16/2011,,2,8,16,21,23,19,6,8,5,2,4,17
2/19/2011,,6,7,12,19,30,10,1,5,7,11,20,4
2/23/2011,,9,13,15,22,35,19,4,2,7,13,16,10
2/26/2011,,9,21,23,41,47,8,12,2,18,6,39,1
3/2/2011,,12,33,34,36,45,8,21,1,2,9,37,4
3/5/2011,,15,21,22,33,45,15,6,1,11,12,30,0
3/9/2011,,23,34,42,43,47,21,11,8,1,4,26,2
3/12/2011,,11,25,26,33,45,13,14,1,7,12,32,2
3/16/2011,,13,22,25,33,35,16,9,3,8,2,19,3
3/19/2011,,1,27,28,32,45,1,26,1,4,13,44,0
3/23/2011,,9,18,31,33,42,8,9,13,2,9,34,1
3/26/2011,,11,18,19,29,40,18,7,1,10,11,22,7
3/30/2011,,18,20,22,26,41,19,2,2,4,15,22,1
4/2/2011,,5,10,30,35,43,1,5,20,5,8,42,4
4/6/2011,,6,16,17,26,44,5,10,1,9,18,39,1
4/9/2011,,15,25,30,42,46,21,10,5,12,4,25,6
4/13/2011,,13,22,27,29,42,25,9,5,2,13,17,12
4/16/2011,,7,21,25,26,35,3,14,4,1,9,32,4
4/20/2011,,6,13,24,27,31,8,7,11,3,4,23,2
4/23/2011,,13,16,26,33,41,22,3,10,7,8,19,9
4/27/2011,,4,12,22,33,39,7,8,10,11,6,32,3
4/30/2011,,4,18,24,33,35,15,14,6,9,2,20,11
5/4/2011,,6,8,15,19,45,25,2,7,4,26,20,19
5/7/2011,,4,15,25,26,46,20,11,10,1,20,26,16
5/11/2011,,4,27,31,34,39,8,23,4,3,5,31,4
5/14/2011,,2,11,17,31,47,12,9,6,14,16,35,10
5/18/2011,,6,15,30,34,39,6,9,15,4,5,33,0
5/21/2011,,3,11,16,26,38,6,8,5,10,12,32,3
5/25/2011,,2,9,36,43,46,3,7,27,7,3,43,1
5/28/2011,,6,7,16,32,35,20,1,9,16,3,15,14
6/1/2011,,1,10,15,24,45,24,9,5,9,21,21,23
6/4/2011,,20,28,33,41,43,24,8,5,8,2,19,4
6/8/2011,,1,3,14,24,41,11,2,11,10,17,30,10
6/11/2011,,1,24,27,34,36,17,23,3,7,2,19,16
6/15/2011,,6,19,20,21,27,23,13,1,1,6,4,17
6/18/2011,,4,20,36,45,47,20,16,16,9,2,27,16
6/22/2011,,1,16,24,27,28,19,15,8,3,1,9,18
6/25/2011,,9,16,27,34,45,21,7,11,7,11,24,12
6/29/2011,,2,5,15,28,43,11,3,10,13,15,32,9
7/2/2011,,4,6,15,35,41,19,2,9,20,6,22,15
7/6/2011,,5,7,11,18,33,25,2,4,7,15,8,20
7/9/2011,,4,5,21,23,27,23,1,16,2,4,4,19
7/13/2011,,3,13,21,25,36,1,10,8,4,11,35,2
7/16/2011,,9,10,28,29,33,26,1,18,1,4,7,17
7/20/2011,,13,18,19,23,25,20,5,1,4,2,5,7
7/23/2011,,1,6,13,45,47,16,5,7,32,2,31,15
7/27/2011,,4,6,15,16,42,16,2,9,1,26,26,12
7/30/2011,,10,14,29,38,47,8,4,15,9,9,39,2
8/3/2011,,1,19,21,25,46,23,18,2,4,21,23,22
8/6/2011,,12,20,30,38,40,7,8,10,8,2,33,5
8/10/2011,,2,16,19,31,40,10,14,3,12,9,30,8
8/13/2011,,7,9,17,28,42,7,2,8,11,14,35,0
8/17/2011,,14,17,20,34,44,18,3,3,14,10,26,4
8/20/2011,,6,16,31,42,45,6,10,15,11,3,39,0
8/24/2011,,12,24,32,34,35,23,12,8,2,1,12,11
8/27/2011,,6,7,17,21,25,8,1,10,4,4,17,2
8/31/2011,,2,22,27,31,32,11,20,5,4,1,21,9
9/3/2011,,13,30,39,42,47,5,17,9,3,5,42,8
9/7/2011,,7,15,34,41,42,8,8,19,7,1,34,1
9/10/2011,,7,11,15,20,34,2,4,4,5,14,32,5
9/14/2011,,9,15,18,32,36,27,6,3,14,4,9,18
9/17/2011,,7,12,14,16,37,14,5,2,2,21,23,7
9/21/2011,,4,26,31,35,45,4,22,5,4,10,41,0
9/24/2011,,2,8,14,29,43,24,6,6,15,14,19,22
9/28/2011,,6,13,24,29,44,3,7,11,5,15,41,3
10/1/2011,,3,5,13,15,21,9,2,8,2,6,12,6
10/5/2011,,15,25,29,30,37,26,10,4,1,7,11,11
10/8/2011,,27,32,35,45,46,21,5,3,10,1,25,6
10/12/2011,,2,28,35,44,47,21,26,7,9,3,26,19
10/15/2011,,2,18,25,32,46,15,16,7,7,14,31,13
10/19/2011,,13,29,33,37,40,9,16,4,4,3,31,4
10/22/2011,,21,27,34,39,45,22,6,7,5,6,23,1
10/26/2011,,15,20,25,40,41,20,5,5,15,1,21,5
10/29/2011,,5,7,39,46,47,6,2,32,7,1,41,1
11/2/2011,,2,7,22,27,32,12,5,15,5,5,20,10
11/5/2011,,3,8,10,16,22,11,5,2,6,6,11,8
11/9/2011,,2,17,33,35,41,9,15,16,2,6,32,7
11/12/2011,,21,22,25,28,43,12,1,3,3,15,31,9
11/16/2011,,22,23,26,38,42,3,1,3,12,4,39,19
11/19/2011,,4,18,21,33,39,7,14,3,12,6,32,3
11/23/2011,,6,13,30,31,45,2,7,17,1,14,43,4
11/26/2011,,15,16,28,33,38,23,1,12,5,5,15,8
11/30/2011,,4,6,22,32,45,8,2,16,10,13,37,4
12/3/2011,,1,12,19,29,34,12,11,7,10,5,22,11
12/7/2011,,1,2,34,37,42,9,1,32,3,5,33,8
12/10/2011,,7,15,31,32,47,24,8,16,1,15,23,17
12/14/2011,,7,27,33,42,44,24,20,6,9,2,20,17
12/17/2011,,17,23,29,37,46,17,6,6,8,9,29,0
12/21/2011,,8,21,38,43,44,24,13,17,5,1,20,16
12/24/2011,,12,15,37,42,43,8,3,22,5,1,35,4
12/28/2011,,12,22,28,31,42,2,10,6,3,11,40,10
12/31/2011,,1,16,27,33,46,25,15,11,6,13,21,24
1/4/2012,,15,30,34,41,45,20,15,4,7,4,25,5
1/7/2012,,2,5,16,31,35,14,3,11,15,4,21,12
1/11/2012,,2,5,11,12,30,24,3,6,1,18,6,22
1/14/2012,,4,8,25,29,38,13,4,17,4,9,25,9
1/18/2012,,2,13,25,32,45,23,11,12,7,13,22,21
1/21/2012,,16,18,23,40,46,4,2,5,17,6,42,12
1/25/2012,,1,30,33,43,46,9,29,3,10,3,37,8
1/28/2012,,10,15,33,34,37,8,5,18,1,3,29,2
2/1/2012,,2,13,19,39,46,26,11,6,20,7,20,24
2/4/2012,,8,12,25,33,45,5,4,13,8,12,40,3
2/8/2012,,11,24,26,36,38,13,13,2,10,2,25,2
2/11/2012,,1,2,18,34,43,27,1,16,16,9,16,26
2/15/2012,,3,5,16,25,37,16,2,11,9,12,21,13
2/18/2012,,1,19,32,41,42,11,18,13,9,1,31,10
2/22/2012,,1,34,37,39,41,10,33,3,2,2,31,9
2/25/2012,,2,8,12,15,22,12,6,4,3,7,10,10
2/29/2012,,11,13,17,24,47,10,2,4,7,23,37,1
3/3/2012,,2,4,6,7,18,8,2,2,1,11,10,6
3/7/2012,,11,18,21,30,34,6,7,3,9,4,28,5
3/10/2012,,14,24,28,35,40,19,10,4,7,5,21,5
3/14/2012,,28,32,33,34,45,21,4,1,1,11,24,7
3/17/2012,,2,13,20,25,37,15,11,7,5,12,22,13
3/21/2012,,8,21,31,40,42,2,13,10,9,2,40,6
3/24/2012,,8,19,24,26,36,25,11,5,2,10,11,17
3/28/2012,,17,23,34,41,43,11,6,11,7,2,32,6
3/31/2012,,2,12,15,25,47,13,10,3,10,22,34,11
4/4/2012,,7,21,26,28,30,10,14,5,2,2,20,3
4/7/2012,,9,16,25,45,47,5,7,9,20,2,42,4
4/11/2012,,13,15,17,29,41,10,2,2,12,12,31,3
4/14/2012,,1,3,19,36,45,8,2,16,17,9,37,7
4/18/2012,,5,7,8,10,29,16,2,1,2,19,13,11
4/21/2012,,9,20,30,37,41,5,11,10,7,4,36,4
4/25/2012,,12,15,19,20,28,21,3,4,1,8,7,9
4/28/2012,,7,12,20,21,40,11,5,8,1,19,29,4
5/2/2012,,6,11,18,32,43,26,5,7,14,11,17,20
5/5/2012,,25,28,29,37,42,18,3,1,8,5,24,7
5/9/2012,,2,21,31,43,47,27,19,10,12,4,20,25
5/12/2012,,10,24,26,30,35,6,14,2,4,5,29,4
5/16/2012,,9,15,17,24,35,18,6,2,7,11,17,9
5/19/2012,,4,13,15,26,46,2,9,2,11,20,44,2
5/23/2012,,7,19,26,30,34,13,12,7,4,4,21,6
5/26/2012,,11,17,40,44,45,23,6,23,4,1,22,12
5/30/2012,,7,14,23,26,31,5,7,9,3,5,26,2
6/2/2012,,1,15,20,30,40,13,14,5,10,10,27,12
6/6/2012,,4,18,21,23,42,26,14,3,2,19,16,22
6/9/2012,,2,18,22,28,40,10,16,4,6,12,30,8
6/13/2012,,1,4,11,13,44,16,3,7,2,31,28,15
6/16/2012,,5,36,37,42,43,24,31,1,5,1,19,19
6/20/2012,,4,7,9,16,25,17,3,2,7,9,8,13
6/23/2012,,2,3,10,22,25,7,1,7,12,3,18,5
6/27/2012,,4,19,38,42,44,19,15,19,4,2,25,15
6/30/2012,,4,22,23,32,39,23,18,1,9,7,16,19
7/4/2012,,1,8,22,33,37,7,7,14,11,4,30,6
7/7/2012,,7,27,41,42,46,1,20,14,1,4,45,6
7/11/2012,,12,21,39,40,43,26,9,18,1,3,17,14
7/14/2012,,2,6,8,12,19,23,4,2,4,7,4,21
7/18/2012,,16,18,19,29,38,9,2,1,10,9,29,7
7/21/2012,,8,19,23,24,30,23,11,4,1,6,7,15
7/25/2012,,3,8,17,20,44,23,5,9,3,24,21,20
7/28/2012,,14,19,22,36,40,3,5,3,14,4,37,11
8/1/2012,,2,11,36,40,45,13,9,25,4,5,32,11
8/4/2012,,5,18,28,43,44,24,13,10,15,1,20,19
8/8/2012,,6,22,31,36,43,18,16,9,5,7,25,12
8/11/2012,,6,19,39,40,43,24,13,20,1,3,19,18
8/15/2012,,2,18,23,24,39,5,16,5,1,15,34,3
8/18/2012,,4,18,19,42,43,25,14,1,23,1,18,21
8/22/2012,,4,11,22,34,40,9,7,11,12,6,31,5
8/25/2012,,4,7,11,15,38,4,3,4,4,23,34,0
8/29/2012,,19,26,32,34,42,1,7,6,2,8,41,18
9/1/2012,,14,17,31,42,47,13,3,14,11,5,34,1
9/5/2012,,5,10,12,20,29,25,5,2,8,9,4,20
9/8/2012,,4,6,22,29,47,27,2,16,7,18,20,23
9/12/2012,,7,8,14,23,41,13,1,6,9,18,28,6
9/15/2012,,1,6,7,19,36,16,5,1,12,17,20,15
9/19/2012,,5,11,28,34,39,15,6,17,6,5,24,10
9/22/2012,,4,7,13,28,34,4,3,6,15,6,30,0
9/26/2012,,13,18,31,38,44,25,5,13,7,6,19,12
9/29/2012,,3,4,27,30,39,3,1,23,3,9,36,0
10/3/2012,,8,12,13,29,36,10,4,1,16,7,26,2
10/6/2012,,3,9,15,17,31,25,6,6,2,14,6,22
10/10/2012,,21,35,40,44,47,11,14,5,4,3,36,10
10/13/2012,,4,5,25,43,45,25,1,20,18,2,20,21
10/17/2012,,4,19,25,40,42,3,15,6,15,2,39,1
10/20/2012,,20,22,26,27,43,16,2,4,1,16,27,4
10/24/2012,,20,26,36,41,42,16,6,10,5,1,26,4
10/27/2012,,5,14,36,38,47,18,9,22,2,9,29,13
10/31/2012,,9,16,29,31,40,20,7,13,2,9,20,11
11/3/2012,,11,14,20,36,39,11,3,6,16,3,28,0
11/7/2012,,13,25,29,40,46,21,12,4,11,6,25,8
11/10/2012,,12,14,22,32,46,24,2,8,10,14,22,12
11/14/2012,,11,15,25,31,32,18,4,10,6,1,14,7
11/17/2012,,8,9,16,22,26,15,1,7,6,4,11,7
11/21/2012,,1,2,7,19,47,14,1,5,12,28,33,13
11/24/2012,,2,11,12,26,42,7,9,1,14,16,35,5
11/28/2012,,2,9,13,21,46,23,7,4,8,25,23,21
12/1/2012,,4,17,18,32,46,24,13,1,14,14,22,20
12/5/2012,,11,15,17,30,37,11,4,2,13,7,26,0
12/8/2012,,17,24,30,33,45,22,7,6,3,12,23,5
12/12/2012,,1,36,41,44,47,10,35,5,3,3,37,9
12/15/2012,,11,15,24,26,28,10,4,9,2,2,18,1
12/19/2012,,6,9,11,28,45,7,3,2,17,17,38,1
12/22/2012,,7,12,20,32,39,20,5,8,12,7,19,13
12/26/2012,,2,9,24,33,37,1,7,15,9,4,36,1
12/29/2012,,6,9,20,28,33,19,3,11,8,5,14,13
1/2/2013,,4,6,22,24,29,18,2,16,2,5,11,14
1/5/2013,,2,14,15,37,43,23,12,1,22,6,20,21
1/9/2013,,3,8,18,40,45,26,5,10,22,5,19,23
1/12/2013,,10,11,27,34,39,27,1,16,7,5,12,17
1/16/2013,,26,30,32,37,45,16,4,2,5,8,29,10
1/19/2013,,5,10,26,28,43,9,5,16,2,15,34,4
1/23/2013,,8,16,22,30,33,4,8,6,8,3,29,4
1/26/2013,,4,10,23,24,44,23,6,13,1,20,21,19
1/30/2013,,7,22,35,36,37,4,15,13,1,1,33,3
2/2/2013,,7,12,15,17,37,25,5,3,2,20,12,18
2/6/2013,,1,8,12,32,41,21,7,4,20,9,20,20
2/9/2013,,16,32,35,40,47,24,16,3,5,7,23,8
2/13/2013,,16,17,20,32,36,10,1,3,12,4,26,6
2/16/2013,,13,14,19,35,45,20,1,5,16,10,25,7
2/20/2013,,8,14,32,35,37,4,6,18,3,2,33,4
2/23/2013,,8,28,32,43,44,11,20,4,11,1,33,3
2/27/2013,,5,6,12,15,39,18,1,6,3,24,21,13
3/2/2013,,5,10,26,43,44,16,5,16,17,1,28,11
3/6/2013,,1,2,3,22,34,8,1,1,19,12,26,7
3/9/2013,,3,11,21,36,47,7,8,10,15,11,40,4
3/13/2013,,22,23,34,40,42,9,1,11,6,2,33,13
3/16/2013,,14,23,28,30,35,24,9,5,2,5,11,10
3/20/2013,,8,11,13,22,26,18,3,2,9,4,8,10
3/23/2013,,4,11,21,26,46,6,7,10,5,20,40,2
3/27/2013,,4,10,29,36,44,17,6,19,7,8,27,13
3/30/2013,,5,22,28,37,43,19,17,6,9,6,24,14
4/3/2013,,15,21,25,31,44,27,6,4,6,13,17,12
4/6/2013,,20,21,32,37,41,22,1,11,5,4,19,2
4/10/2013,,9,18,37,41,42,3,9,19,4,1,39,6
4/13/2013,,12,14,29,39,41,26,2,15,10,2,15,14
4/17/2013,,1,3,5,23,29,15,2,2,18,6,14,14
4/20/2013,,3,15,26,32,39,6,12,11,6,7,33,3
4/24/2013,,5,25,32,33,46,26,20,7,1,13,20,21
4/27/2013,,21,32,36,39,40,25,11,4,3,1,15,4
5/1/2013,,9,14,16,18,19,24,5,2,2,1,5,15
5/4/2013,,11,13,15,17,26,26,2,2,2,9,0,15
5/8/2013,,9,27,28,34,47,6,18,1,6,13,41,3
5/11/2013,,30,31,32,34,39,6,1,1,2,5,33,24
5/15/2013,,13,17,18,33,46,7,4,1,15,13,39,6
5/18/2013,,7,12,30,40,47,16,5,18,10,7,31,9
5/22/2013,,19,24,32,45,47,14,5,8,13,2,33,5
5/25/2013,,2,11,12,25,32,26,9,1,13,7,6,24
5/29/2013,,12,36,37,44,47,13,24,1,7,3,34,1
6/1/2013,,6,9,10,25,45,4,3,1,15,20,41,2
6/5/2013,,5,8,28,35,39,8,3,20,7,4,31,3
6/8/2013,,10,23,30,38,43,8,13,7,8,5,35,2
6/12/2013,,30,38,41,42,43,22,8,3,1,1,21,8
6/15/2013,,30,33,41,44,47,7,3,8,3,3,40,23
6/19/2013,,3,5,32,34,36,20,2,27,2,2,16,17
6/22/2013,,9,23,25,27,34,12,14,2,2,7,22,3
6/26/2013,,4,20,26,31,36,22,16,6,5,5,14,18
6/29/2013,,6,26,30,41,44,8,20,4,11,3,36,2
7/3/2013,,14,35,36,40,47,6,21,1,4,7,41,8
7/6/2013,,2,18,20,21,45,24,16,2,1,24,21,22
7/10/2013,,1,2,3,28,38,21,1,1,25,10,17,20
7/13/2013,,1,2,6,25,40,19,1,4,19,15,21,18
7/17/2013,,12,17,22,25,37,24,5,5,3,12,13,12
7/20/2013,,10,13,27,33,34,23,3,14,6,1,11,13
7/24/2013,,10,22,34,37,47,23,12,12,3,10,24,13
7/27/2013,,18,20,30,40,42,15,2,10,10,2,27,3
7/31/2013,,15,17,29,32,41,23,2,12,3,9,18,8
8/3/2013,,12,32,39,46,47,5,20,7,7,1,42,7
8/7/2013,,21,29,31,35,45,2,8,2,4,10,43,19
8/10/2013,,5,7,14,44,46,27,2,7,30,2,19,22
8/14/2013,,1,7,15,31,43,3,6,8,16,12,40,2
8/17/2013,,5,8,19,21,37,12,3,11,2,16,25,7
8/21/2013,,17,29,36,41,43,17,12,7,5,2,26,0
8/24/2013,,1,15,35,40,45,23,14,20,5,5,22,22
8/28/2013,,9,25,40,44,47,15,16,15,4,3,32,6
8/31/2013,,4,18,24,33,47,1,14,6,9,14,46,3
9/4/2013,,12,19,22,37,45,15,7,3,15,8,30,3
9/7/2013,,25,28,35,45,47,20,3,7,10,2,27,5
9/11/2013,,3,5,14,40,46,2,2,9,26,6,44,1
9/14/2013,,7,15,17,33,35,22,8,2,16,2,13,15
9/18/2013,,4,7,10,25,41,10,3,3,15,16,31,6
9/21/2013,,10,15,25,36,46,18,5,10,11,10,28,8
9/25/2013,,5,14,22,25,26,8,9,8,3,1,18,3
9/28/2013,,6,22,29,44,46,9,16,7,15,2,37,3
10/2/2013,,23,30,37,38,45,22,7,7,1,7,23,1
10/5/2013,,13,22,33,46,47,24,9,11,13,1,23,11
10/9/2013,,1,32,33,38,43,16,31,1,5,5,27,15
10/12/2013,,5,7,13,31,43,20,2,6,18,12,23,15
10/16/2013,,9,19,32,40,47,6,10,13,8,7,41,3
10/19/2013,,4,21,33,38,41,6,17,12,5,3,35,2
10/23/2013,,4,16,28,35,45,1,12,12,7,10,44,3
10/26/2013,,11,25,33,35,41,10,14,8,2,6,31,1
10/30/2013,,3,12,33,44,47,22,9,21,11,3,25,19
11/2/2013,,2,15,23,32,39,12,13,8,9,7,27,10
11/6/2013,,3,4,8,13,43,6,1,4,5,30,37,3
11/9/2013,,7,14,34,41,46,1,7,20,7,5,45,6
11/13/2013,,1,9,13,34,46,13,8,4,21,12,33,12
11/16/2013,,18,19,27,29,45,15,1,8,2,16,30,3
11/20/2013,,1,3,26,29,37,6,2,23,3,8,31,5
11/23/2013,,9,17,22,32,47,3,8,5,10,15,44,6
11/27/2013,,6,7,30,41,43,11,1,23,11,2,32,5
11/30/2013,,2,11,13,16,22,23,9,2,3,6,1,21
12/4/2013,,7,24,28,43,46,13,17,4,15,3,33,6
12/7/2013,,3,17,23,37,47,22,14,6,14,10,25,19
12/11/2013,,2,18,27,36,37,6,16,9,9,1,31,4
12/14/2013,,10,12,18,22,31,2,2,6,4,9,29,8
12/18/2013,,14,16,17,24,33,2,2,1,7,9,31,12
12/21/2013,,2,32,43,46,47,7,30,11,3,1,40,5
12/25/2013,,8,23,26,33,40,14,15,3,7,7,26,6
12/28/2013,,4,23,27,28,33,16,19,4,1,5,17,12
1/1/2014,,3,9,19,24,42,16,6,10,5,18,26,13
1/4/2014,,1,10,14,35,47,11,9,4,21,12,36,10
1/8/2014,,16,17,21,26,37,2,1,4,5,11,35,14
1/11/2014,,5,9,11,35,43,4,4,2,24,8,39,1
1/15/2014,,9,21,34,43,46,21,12,13,9,3,25,12
1/18/2014,,16,23,25,35,47,13,7,2,10,12,34,3
1/22/2014,,1,7,31,42,44,24,6,24,11,2,20,23
1/25/2014,,5,7,13,38,43,11,2,6,25,5,32,6
1/29/2014,,5,9,17,29,33,1,4,8,12,4,32,4
2/1/2014,,9,14,15,16,44,24,5,1,1,28,20,15
2/5/2014,,34,39,40,45,47,18,5,1,5,2,29,16
2/8/2014,,12,14,39,43,45,19,2,25,4,2,26,7
2/12/2014,,10,19,28,32,39,18,9,9,4,7,21,8
2/15/2014,,8,21,24,28,38,1,13,3,4,10,37,7
2/19/2014,,10,15,22,24,31,1,5,7,2,7,30,9
2/22/2014,,9,22,29,32,39,23,13,7,3,7,16,14
2/26/2014,,5,7,17,20,23,23,2,10,3,3,0,18
3/1/2014,,4,10,20,30,35,13,6,10,10,5,22,9
3/5/2014,,6,32,33,43,44,16,26,1,10,1,28,10
3/8/2014,,1,16,26,45,46,5,15,10,19,1,41,4
3/12/2014,,4,23,25,33,42,15,19,2,8,9,27,11
3/15/2014,,10,20,21,23,36,7,10,1,2,13,29,3
3/19/2014,,3,9,13,20,28,24,6,4,7,8,4,21
3/22/2014,,8,30,35,38,41,27,22,5,3,3,14,19
3/26/2014,,3,8,26,37,46,18,5,18,11,9,28,15
3/29/2014,,12,20,24,30,42,7,8,4,6,12,35,5
4/2/2014,,7,8,23,37,42,23,1,15,14,5,19,16
4/5/2014,,2,13,29,33,41,19,11,16,4,8,22,17
4/9/2014,,1,5,13,35,46,14,4,8,22,11,32,13
4/12/2014,,2,12,20,27,38,5,10,8,7,11,33,3
4/16/2014,,11,16,23,38,39,20,5,7,15,1,19,9
4/19/2014,,5,30,31,32,46,7,25,1,1,14,39,2
4/23/2014,,2,18,19,25,36,10,16,1,6,11,26,8
4/26/2014,,15,16,24,29,35,6,1,8,5,6,29,9
4/30/2014,,7,14,16,22,28,20,7,2,6,6,8,13
5/3/2014,,5,9,25,31,46,26,4,16,6,15,20,21
5/7/2014,,4,6,16,27,39,10,2,10,11,12,29,6
5/10/2014,,14,20,21,25,31,25,6,1,4,6,6,11
5/14/2014,,8,12,15,28,33,26,4,3,13,5,7,18
5/17/2014,,2,4,20,24,27,10,2,16,4,3,17,8
5/21/2014,,6,12,36,39,44,2,6,24,3,5,42,4
5/24/2014,,11,13,23,27,29,10,2,10,4,2,19,1
5/28/2014,,4,14,19,36,41,3,10,5,17,5,38,1
5/31/2014,,4,8,15,41,44,2,4,7,26,3,42,2
6/4/2014,,7,11,24,37,47,1,4,13,13,10,46,6
6/7/2014,,1,3,8,25,40,8,2,5,17,15,32,7
6/11/2014,,3,15,23,25,38,7,12,8,2,13,31,4
6/14/2014,,5,16,20,29,42,5,11,4,9,13,37,0
6/18/2014,,1,31,32,34,47,10,30,1,2,13,37,9
6/21/2014,,13,16,18,29,39,3,3,2,11,10,36,10
6/25/2014,,4,15,33,40,45,4,11,18,7,5,41,0
6/28/2014,,18,27,29,38,42,24,9,2,9,4,18,6
7/2/2014,,16,34,42,44,46,9,18,8,2,2,37,7
7/5/2014,,3,11,12,26,27,10,8,1,14,1,17,7
7/9/2014,,7,20,30,34,45,15,13,10,4,11,30,8
7/12/2014,,11,15,18,23,28,12,4,3,5,5,16,1
7/16/2014,,3,5,6,14,34,17,2,1,8,20,17,14
7/19/2014,,7,15,18,26,39,19,8,3,8,13,20,12
7/23/2014,,2,9,33,36,37,12,7,24,3,1,25,10
7/26/2014,,16,22,26,31,36,13,6,4,5,5,23,3
7/30/2014,,4,11,25,33,40,6,7,14,8,7,34,2
8/2/2014,,6,16,22,27,32,3,10,6,5,5,29,3
8/6/2014,,2,29,32,37,38,26,27,3,5,1,12,24
8/9/2014,,8,13,14,16,33,4,5,1,2,17,29,4
8/13/2014,,14,18,20,27,46,18,4,2,7,19,28,4
8/16/2014,,12,13,22,27,28,3,1,9,5,1,25,9
8/20/2014,,9,11,14,18,36,25,2,3,4,18,11,16
8/23/2014,,13,23,25,38,43,23,10,2,13,5,20,10
8/27/2014,,1,2,6,29,33,14,1,4,23,4,19,13
8/30/2014,,9,15,31,32,46,14,6,16,1,14,32,5
9/3/2014,,12,18,21,26,41,10,6,3,5,15,31,2
9/6/2014,,6,23,33,36,41,14,17,10,3,5,27,8
9/10/2014,,10,12,15,31,46,23,2,3,16,15,23,13
9/13/2014,,36,37,38,41,47,5,1,1,3,6,42,31
9/17/2014,,6,7,13,39,46,18,1,6,26,7,28,12
9/20/2014,,2,7,12,15,38,3,5,5,3,23,35,1
9/24/2014,,17,23,28,33,42,1,6,5,5,9,41,16
9/27/2014,,1,3,6,42,47,1,2,3,36,5,46,0
10/1/2014,,2,6,7,15,37,10,4,1,8,22,27,8
10/4/2014,,8,12,27,33,35,27,4,15,6,2,8,19
10/8/2014,,1,14,34,42,44,21,13,20,8,2,23,20
10/11/2014,,3,5,6,15,18,21,2,1,9,3,3,18
10/15/2014,,2,8,18,22,33,13,6,10,4,11,20,11
10/18/2014,,9,12,15,23,40,16,3,3,8,17,24,7
10/22/2014,,2,20,25,32,33,26,18,5,7,1,7,24
10/25/2014,,1,18,22,38,44,26,17,4,16,6,18,25
10/29/2014,,12,13,32,38,41,16,1,19,6,3,25,4
11/1/2014,,3,12,21,24,42,7,9,9,3,18,35,4
11/5/2014,,1,15,21,24,26,26,14,6,3,2,0,25
11/8/2014,,19,21,24,25,32,18,2,3,1,7,14,1
11/12/2014,,10,20,34,36,47,21,10,14,2,11,26,11
11/15/2014,,4,7,34,41,43,25,3,27,7,2,18,21
11/19/2014,,8,29,37,43,47,23,21,8,6,4,24,15
11/22/2014,,2,4,8,9,18,2,2,4,1,9,16,0
11/26/2014,,3,10,20,28,32,12,7,10,8,4,20,9
11/29/2014,,5,30,37,45,47,21,25,7,8,2,26,16
12/3/2014,,9,19,23,37,47,23,10,4,14,10,24,14
12/6/2014,,20,30,38,44,45,20,10,8,6,1,25,0
12/10/2014,,1,3,13,25,39,8,2,10,12,14,31,7
12/13/2014,,3,7,19,25,42,5,4,12,6,17,37,2
12/17/2014,,6,7,14,21,26,22,1,7,7,5,4,16
12/20/2014,,5,7,21,31,33,12,2,14,10,2,21,7
12/24/2014,,3,6,8,22,38,26,3,2,14,16,12,23
12/27/2014,,3,7,19,29,32,26,4,12,10,3,6,23
12/31/2014,,8,15,29,35,45,18,7,14,6,10,27,10
1/3/2015,,6,14,15,28,44,26,8,1,13,16,18,20
1/7/2015,,11,19,30,36,38,7,8,11,6,2,31,4
1/10/2015,,1,5,16,24,30,7,4,11,8,6,23,6
1/14/2015,,5,14,16,19,36,23,9,2,3,17,13,18
1/17/2015,,14,19,29,32,42,27,5,10,3,10,15,13
1/21/2015,,4,15,26,27,39,3,11,11,1,12,36,1
1/24/2015,,1,15,23,24,30,7,14,8,1,6,23,6
1/28/2015,,2,10,36,43,46,23,8,26,7,3,23,21
1/31/2015,,3,19,20,32,36,11,16,1,12,4,25,8
2/4/2015,,1,2,12,19,45,8,1,10,7,26,37,7
2/7/2015,,6,20,23,24,29,25,14,3,1,5,4,19
2/11/2015,,10,26,38,43,46,24,16,12,5,3,22,14
2/14/2015,,8,9,18,22,31,27,1,9,4,9,4,19
2/18/2015,,24,28,29,32,44,2,4,1,3,12,42,22
2/21/2015,,13,18,21,31,38,21,5,3,10,7,17,8
2/25/2015,,11,29,35,36,39,10,18,6,1,3,29,1
2/28/2015,,18,33,34,36,45,17,15,1,2,9,28,1
3/4/2015,,15,23,32,36,39,20,8,9,4,3,19,5
3/7/2015,,15,19,22,43,46,7,4,3,21,3,39,8
3/11/2015,,7,28,32,44,47,4,21,4,12,3,43,3
3/14/2015,,13,17,18,22,37,24,4,1,4,15,13,11
3/18/2015,,1,3,12,15,26,19,2,9,3,11,7,18
3/21/2015,,2,21,28,39,45,4,19,7,11,6,41,2
3/25/2015,,3,5,10,25,47,7,2,5,15,22,40,4
3/28/2015,,7,9,24,29,41,27,2,15,5,12,14,20
4/1/2015,,2,6,12,34,46,27,4,6,22,12,19,25
4/4/2015,,1,4,20,27,36,15,3,16,7,9,21,14
4/8/2015,,9,20,26,27,47,26,11,6,1,20,21,17
4/11/2015,,6,13,16,27,42,4,7,3,11,15,38,2
4/15/2015,,3,5,6,14,38,10,2,1,8,24,28,7
4/18/2015,,7,22,36,38,45,7,15,14,2,7,38,0
4/22/2015,,7,11,35,39,42,18,4,24,4,3,24,11
4/25/2015,,4,10,15,40,47,11,6,5,25,7,36,7
4/29/2015,,5,24,25,34,47,3,19,1,9,13,44,2
5/2/2015,,23,31,34,36,45,4,8,3,2,9,41,19
5/6/2015,,11,14,35,40,43,9,3,21,5,3,34,2
5/9/2015,,8,24,41,44,47,23,16,17,3,3,24,15
5/13/2015,,12,18,28,38,43,20,6,10,10,5,23,8
5/16/2015,,2,5,22,39,42,3,3,17,17,3,39,1
5/20/2015,,1,4,11,22,29,20,3,7,11,7,9,19
5/23/2015,,11,12,17,19,46,26,1,5,2,27,20,15
5/27/2015,,27,33,35,42,43,18,6,2,7,1,25,9
5/30/2015,,11,25,31,34,47,16,14,6,3,13,31,5
6/3/2015,,7,17,18,29,40,13,10,1,11,11,27,6
6/6/2015,,16,22,23,39,42,25,6,1,16,3,17,9
6/10/2015,,1,39,43,44,47,10,38,4,1,3,37,9
6/13/2015,,14,15,33,38,41,27,1,18,5,3,14,13
6/17/2015,,7,20,32,33,37,9,13,12,1,4,28,2
6/20/2015,,4,12,31,33,34,14,8,19,2,1,20,10
6/24/2015,,27,29,30,37,44,8,2,1,7,7,36,19
6/27/2015,,1,5,16,21,35,13,4,11,5,14,22,12
7/1/2015,,7,14,29,34,37,10,7,15,5,3,27,3
7/4/2015,,17,19,23,30,43,6,2,4,7,13,37,11
7/8/2015,,6,25,34,41,45,10,19,9,7,4,35,4
7/11/2015,,18,23,33,34,39,10,5,10,1,5,29,8
7/15/2015,,1,11,17,26,44,18,10,6,9,18,26,17
7/18/2015,,4,22,24,31,43,1,18,2,7,12,42,3
7/22/2015,,1,3,34,35,36,24,2,31,1,1,12,23
7/25/2015,,9,19,21,24,45,27,10,2,3,21,18,18
7/29/2015,,13,15,33,35,36,15,2,18,2,1,21,2
8/1/2015,,1,3,6,17,28,2,2,3,11,11,26,1
8/5/2015,,10,15,16,26,29,27,5,1,10,3,2,17
8/8/2015,,1,16,30,33,46,24,15,14,3,13,22,23
8/12/2015,,13,29,40,43,44,12,16,11,3,1,32,1
8/15/2015,,14,21,27,30,45,3,7,6,3,15,42,11
8/19/2015,,5,23,31,42,45,6,18,8,11,3,39,1
8/22/2015,,6,9,31,33,42,13,3,22,2,9,29,7
8/26/2015,,19,28,31,39,47,17,9,3,8,8,30,2
8/29/2015,,6,20,32,39,43,16,14,12,7,4,27,10
9/2/2015,,17,23,36,38,40,8,6,13,2,2,32,9
9/5/2015,,4,22,39,44,47,9,18,17,5,3,38,5
9/9/2015,,9,15,18,21,22,26,6,3,3,1,4,17
9/12/2015,,4,10,15,33,46,15,6,5,18,13,31,11
9/16/2015,,6,8,21,34,35,25,2,13,13,1,10,19
9/19/2015,,17,21,27,30,47,24,4,6,3,17,23,7
9/23/2015,,17,25,26,30,44,16,8,1,4,14,28,1
9/26/2015,,4,15,25,44,45,2,11,10,19,1,43,2
9/30/2015,,6,13,15,31,32,26,7,2,16,1,6,20
10/3/2015,,2,12,16,17,43,22,10,4,1,26,21,20
10/7/2015,,4,11,12,28,41,22,7,1,16,13,19,18
10/10/2015,,21,28,33,34,37,17,7,5,1,3,20,4
10/14/2015,,11,13,25,30,43,4,2,12,5,13,39,7
10/17/2015,,12,14,21,32,36,14,2,7,11,4,22,2
10/21/2015,,5,13,16,19,27,9,8,3,3,8,18,4
10/24/2015,,1,12,15,28,45,27,11,3,13,17,18,26
10/28/2015,,7,9,12,20,34,5,2,3,8,14,29,2
10/31/2015,,25,32,35,38,44,3,7,3,3,6,41,22
11/4/2015,,4,10,18,29,38,24,6,8,11,9,14,20
11/7/2015,,5,10,26,32,42,10,5,16,6,10,32,5
11/11/2015,,5,9,33,36,44,12,4,24,3,8,32,7
11/14/2015,,2,17,18,35,42,1,15,1,17,7,41,1
11/18/2015,,13,21,34,37,41,2,8,13,3,4,39,11
11/21/2015,,7,15,19,38,47,25,8,4,19,9,22,18
11/25/2015,,12,20,24,25,39,3,8,4,1,14,36,9
11/28/2015,,9,16,20,21,31,1,7,4,1,10,30,8
12/2/2015,,1,24,32,36,42,14,23,8,4,6,28,13
12/5/2015,,9,30,37,44,46,8,21,7,7,2,38,1
12/9/2015,,7,11,13,40,47,22,4,2,27,7,25,15
12/12/2015,,11,12,22,24,42,27,1,10,2,18,15,16
12/16/2015,,1,2,7,13,23,11,1,5,6,10,12,10
12/19/2015,,4,17,25,27,31,14,13,8,2,4,17,10
12/23/2015,,6,9,11,19,47,5,3,2,8,28,42,1
12/26/2015,,3,4,25,37,47,11,1,21,12,10,36,8
12/30/2015,,3,4,6,25,26,22,1,2,19,1,4,19
1/2/2016,,10,21,29,39,43,24,11,8,10,4,19,14
1/6/2016,,2,9,15,35,37,18,7,6,20,2,19,16
1/9/2016,,5,12,24,25,36,4,7,12,1,11,32,1
1/13/2016,,12,13,35,40,45,24,1,22,5,5,21,12
1/16/2016,,10,11,26,28,47,9,1,15,2,19,38,1
1/20/2016,,3,14,18,25,38,22,11,4,7,13,16,19
1/23/2016,,12,14,22,30,32,12,2,8,8,2,20,0
1/27/2016,,12,29,33,36,43,10,17,4,3,7,33,2
1/30/2016,,2,31,33,36,38,17,29,2,3,2,21,15
2/3/2016,,11,14,21,32,47,11,3,7,11,15,36,0
2/6/2016,,4,20,29,37,45,23,16,9,8,8,22,19
2/10/2016,,3,8,12,24,30,1,5,4,12,6,29,2
2/13/2016,,9,13,25,44,45,5,4,12,19,1,40,4
2/17/2016,,21,26,28,38,44,1,5,2,10,6,43,20
2/20/2016,,22,24,31,34,36,3,2,7,3,2,33,19
2/24/2016,,6,11,16,42,43,10,5,5,26,1,33,4
2/27/2016,,2,8,10,28,47,10,6,2,18,19,37,8
3/2/2016,,9,10,18,19,42,24,1,8,1,23,18,15
3/5/2016,,4,5,8,10,21,6,1,3,2,11,15,2
3/9/2016,,2,17,24,31,41,15,15,7,7,10,26,13
3/12/2016,,2,16,27,34,36,12,14,11,7,2,24,10
3/16/2016,,15,19,22,37,46,10,4,3,15,9,36,5
3/19/2016,,2,17,19,24,33,22,15,2,5,9,11,20
3/23/2016,,5,23,38,43,47,27,18,15,5,4,20,22
3/26/2016,,3,12,13,26,33,18,9,1,13,7,15,15
3/30/2016,,22,24,28,33,39,24,2,4,5,6,15,2
4/2/2016,,3,5,10,43,47,6,2,5,33,4,41,3
4/6/2016,,12,14,22,32,45,18,2,8,10,13,27,6
4/9/2016,,16,18,36,40,42,7,2,18,4,2,35,9
4/13/2016,,14,22,25,31,46,9,8,3,6,15,37,5
4/16/2016,,22,29,32,36,43,17,7,3,4,7,26,5
4/20/2016,,2,14,25,27,35,20,12,11,2,8,15,18
4/23/2016,,16,26,28,33,39,8,10,2,5,6,31,8
4/27/2016,,7,26,31,34,43,8,19,5,3,9,35,1
4/30/2016,,13,16,24,29,38,18,3,8,5,9,20,5
5/4/2016,,1,8,13,15,39,19,7,5,2,24,20,18
5/7/2016,,6,14,18,20,38,10,8,4,2,18,28,4
5/11/2016,,8,24,31,32,43,17,16,7,1,11,26,9
5/14/2016,,3,4,27,30,40,17,1,23,3,10,23,14
5/18/2016,,4,19,37,40,42,13,15,18,3,2,29,9
5/21/2016,,8,12,27,34,44,15,4,15,7,10,29,7
5/25/2016,,4,6,9,16,47,10,2,3,7,31,37,6
5/28/2016,,4,10,11,32,33,23,6,1,21,1,10,19
6/1/2016,,2,22,25,34,36,12,20,3,9,2,24,10
6/4/2016,,8,11,27,35,45,3,3,16,8,10,42,5
6/8/2016,,2,14,19,22,32,10,12,5,3,10,22,8
6/11/2016,,2,10,25,31,40,12,8,15,6,9,28,10
6/15/2016,,15,21,38,43,46,5,6,17,5,3,41,10
6/18/2016,,8,13,17,19,39,5,5,4,2,20,34,3
6/22/2016,,6,12,26,28,33,24,6,14,2,5,9,18
6/25/2016,,7,23,28,39,45,18,16,5,11,6,27,11
6/29/2016,,10,25,28,37,39,21,15,3,9,2,18,11
7/2/2016,,12,23,25,39,40,3,11,2,14,1,37,9
7/6/2016,,17,21,29,45,46,24,4,8,16,1,22,7
7/9/2016,,13,18,25,37,43,16,5,7,12,6,27,3
7/13/2016,,8,13,14,24,27,1,5,1,10,3,26,7
7/16/2016,,5,24,31,39,43,24,19,7,8,4,19,19
7/20/2016,,3,6,15,20,34,15,0,0,0,0,0,0
7/23/2016,,7,23,30,36,44,2,0,0,0,0,0,0
7/27/2016,,5,7,12,34,42,23,0,0,0,0,0,0
7/30/2016,,2,3,27,28,30,17,0,0,0,0,0,0
8/3/2016,,12,18,19,29,32,18,0,0,0,0,0,0
8/6/2016,,1,29,34,36,46,15,0,0,0,0,0,0
8/10/2016,,1,23,40,44,46,15,0,0,0,0,0,0
8/13/2016,,6,18,39,44,47,2,0,0,0,0,0,0
8/17/2016,,22,31,36,46,47,18,0,0,0,0,0,0
8/20/2016,,10,18,27,39,41,4,0,0,0,0,0,0
8/24/2016,,,,,,,,0,0,0,0,0,0
8/27/2016,,,,,,,,0,0,0,0,0,0
8/31/2016,,,,,,,,0,0,0,0,0,0
9/3/2016,,,,,,,,0,0,0,0,0,0
9/7/2016,,,,,,,,0,0,0,0,0,0
9/10/2016,,,,,,,,0,0,0,0,0,0
9/14/2016,,,,,,,,0,0,0,0,0,0
9/17/2016,,,,,,,,0,0,0,0,0,0
9/21/2016,,,,,,,,,,,,,
9/24/2016,,,,,,,,,,,,,
9/28/2016,,,,,,,,,,,,,
10/1/2016,,,,,,,,,,,,,
10/5/2016,,,,,,,,,,,,,
10/8/2016,,,,,,,,,,,,,
10/12/2016,,,,,,,,,,,,,
10/15/2016,,,,,,,,,,,,,
10/19/2016,,,,,,,,,,,,,
10/22/2016,,,,,,,,,,,,,
10/26/2016,,,,,,,,,,,,,
10/29/2016,,,,,,,,,,,,,
11/2/2016,,,,,,,,,,,,,
11/5/2016,,,,,,,,,,,,,
11/9/2016,,,,,,,,,,,,,
11/12/2016,,,,,,,,,,,,,
11/16/2016,,,,,,,,,,,,,
11/19/2016,,,,,,,,,,,,,
11/23/2016,,,,,,,,,,,,,
11/26/2016,,,,,,,,,,,,,
11/30/2016,,,,,,,,,,,,,
12/3/2016,,,,,,,,,,,,,
12/7/2016,,,,,,,,,,,,,
12/10/2016,,,,,,,,,,,,,
12/14/2016,,,,,,,,,,,,,
12/17/2016,,,,,,,,,,,,,
12/21/2016,,,,,,,,,,,,,
12/24/2016,,,,,,,,,,,,,
12/28/2016,,,,,,,,,,,,,
12/31/2016,,,,,,,,,,,,,
1/4/2017,,,,,,,,,,,,,
1/7/2017,,,,,,,,,,,,,
1/11/2017,,,,,,,,,,,,,
1/14/2017,,,,,,,,,,,,,
1/18/2017,,,,,,,,,,,,,
1/21/2017,,,,,,,,,,,,,
1/25/2017,,,,,,,,,,,,,
1/28/2017,,,,,,,,,,,,,
2/1/2017,,,,,,,,,,,,,
2/4/2017,,,,,,,,,,,,,
2/8/2017,,,,,,,,,,,,,
2/11/2017,,,,,,,,,,,,,
2/15/2017,,,,,,,,,,,,,
2/18/2017,,,,,,,,,,,,,
2/22/2017,,,,,,,,,,,,,
2/25/2017,,,,,,,,,,,,,
3/1/2017,,,,,,,,,,,,,
3/4/2017,,,,,,,,,,,,,
3/8/2017,,,,,,,,,,,,,
3/11/2017,,,,,,,,,,,,,
3/15/2017,,,,,,,,,,,,,
3/18/2017,,,,,,,,,,,,,
3/22/2017,,,,,,,,,,,,,
3/25/2017,,,,,,,,,,,,,
3/29/2017,,,,,,,,,,,,,
4/1/2017,,,,,,,,,,,,,
4/5/2017,,,,,,,,,,,,,
4/8/2017,,,,,,,,,,,,,
4/12/2017,,,,,,,,,,,,,
4/15/2017,,,,,,,,,,,,,
4/19/2017,,,,,,,,,,,,,
4/22/2017,,,,,,,,,,,,,
4/26/2017,,,,,,,,,,,,,
4/29/2017,,,,,,,,,,,,,
5/3/2017,,,,,,,,,,,,,
5/6/2017,,,,,,,,,,,,,
5/10/2017,,,,,,,,,,,,,
5/13/2017,,,,,,,,,,,,,
5/17/2017,,,,,,,,,,,,,
5/20/2017,,,,,,,,,,,,,
5/24/2017,,,,,,,,,,,,,
5/27/2017,,,,,,,,,,,,,
5/31/2017,,,,,,,,,,,,,
